           0   0.0000000000000000       0.99925221679793608        6042.8546052430929        1.0000000000000000        1.0000000000000000        6042.8546052430929     
           1   10.000000000000000       0.99714322039899572        11048.919271123901        0.0000000000000000        0.0000000000000000        11048.919271123901     
           2   20.000000000000000       0.99682079318550076        14307.819720730829        0.0000000000000000        0.0000000000000000        14307.819720730829     
           3   30.000000000000000       0.99645354302356193        16943.243244846919        0.0000000000000000        0.0000000000000000        16943.243244846919     
           4   40.000000000000000       0.99603539493167104        19218.331535411337        0.0000000000000000        0.0000000000000000        19218.331535411337     
           5   50.000000000000000       0.99555948643651437        21250.293858682198        0.0000000000000000        0.0000000000000000        21250.293858682198     
           6   60.000000000000000       0.99501807216947580        23103.771224724012        0.0000000000000000        0.0000000000000000        23103.771224724012     
           7   70.000000000000000       0.99440096061562833        24818.957550173669        0.0000000000000000        0.0000000000000000        24818.957550173669     
           8   80.000000000000000       0.99369849024450208        26422.883330627606        0.0000000000000000        0.0000000000000000        26422.883330627606     
           9   90.000000000000000       0.99289985695730265        27934.766876494861        0.0000000000000000        0.0000000000000000        27934.766876494861     
          10   100.00000000000000       0.99199264378170515        29368.854052829440        0.0000000000000000        0.0000000000000000        29368.854052829440     
          11   110.00000000000000       0.99096285411459828        30736.053505894728        0.0000000000000000        0.0000000000000000        30736.053505894728     
          12   120.00000000000000       0.98979478180017333        32044.938905127114        0.0000000000000000        0.0000000000000000        32044.938905127114     
          13   130.00000000000000       0.98847085172475369        33302.394310812815        0.0000000000000000        0.0000000000000000        33302.394310812815     
          14   140.00000000000000       0.98697144638976875        34514.046752166934        0.0000000000000000        0.0000000000000000        34514.046752166934     
          15   150.00000000000000       0.98527379158282669        35684.565990668489        0.0000000000000000        0.0000000000000000        35684.565990668489     
          16   160.00000000000000       0.98335417896116084        36817.878164787602        0.0000000000000000        0.0000000000000000        36817.878164787602     
          17   170.00000000000000       0.98118591283038548        37917.321761563362        0.0000000000000000        0.0000000000000000        37917.321761563362     
          18   180.00000000000000       0.97873972615272176        38985.763878607366        0.0000000000000000        0.0000000000000000        38985.763878607366     
          19   190.00000000000000       0.97598305422060905        40025.688478332362        0.0000000000000000        0.0000000000000000        40025.688478332362     
          20   200.00000000000000       0.97288028323621734        41039.264466069755        0.0000000000000000        0.0000000000000000        41039.264466069755     
          21   210.00000000000000       0.96939280111423354        42028.398959665094        0.0000000000000000        0.0000000000000000        42028.398959665094     
          22   220.00000000000000       0.96547899251150371        42994.779507682426        0.0000000000000000        0.0000000000000000        42994.779507682426     
          23   230.00000000000000       0.96109440515441924        43939.907936040312        0.0000000000000000        0.0000000000000000        43939.907936040312     
          24   240.00000000000000       0.95619272879103234        44865.127767080325        0.0000000000000000        0.0000000000000000        44865.127767080325     
          25   250.00000000000000       0.95072511612125388        45771.646643015789        0.0000000000000000        0.0000000000000000        45771.646643015789     
          26   260.00000000000000       0.94464180946576271        46660.554823238752        0.0000000000000000        0.0000000000000000        46660.554823238752     
          27   270.00000000000000       0.93789381688792028        47532.840564457234        0.0000000000000000        0.0000000000000000        47532.840564457234     
          28   280.00000000000000       0.93043510222357440        54432.257607931984        0.0000000000000000        1.0000000000000000        48389.403002688894     
          29   290.00000000000000       0.92222591359613337        60279.982287021892        0.0000000000000000        0.0000000000000000        49231.063015897991     
          30   300.00000000000000       0.91323769504949892        64366.392161954718        0.0000000000000000        0.0000000000000000        50058.572441223892     
          31   310.00000000000000       0.90346037651520417        67815.865186425493        0.0000000000000000        0.0000000000000000        50872.621941578574     
          32   320.00000000000000       0.89291362964453902        70892.179291336128        0.0000000000000000        0.0000000000000000        51673.847755924799     
          33   330.00000000000000       0.88166314425111414        73713.131379642917        0.0000000000000000        0.0000000000000000        52462.837520960718     
          34   340.00000000000000       0.86985054333821754        76343.906540467986        0.0000000000000000        0.0000000000000000        53240.135315743973     
          35   350.00000000000000       0.85774557693781295        78825.203602565030        0.0000000000000000        0.0000000000000000        54006.246052391361     
          36   360.00000000000000       0.84586397981378114        81184.522644189914        0.0000000000000000        0.0000000000000000        54761.639313562308     
          37   370.00000000000000       0.99925221679793619        95527.228806621773        2.0000000000000000        0.0000000000000000        55506.752719640732     
          38   380.00000000000000       0.82831179867079185        107708.68748923627        0.0000000000000000        0.0000000000000000        56241.994894159026     
          39   390.00000000000000       0.82305733879267517        116319.44103195320        0.0000000000000000        0.0000000000000000        56967.748084596824     
          40   400.00000000000000       0.81883098155982892        123615.79588105829        0.0000000000000000        0.0000000000000000        57684.370486237342     
          41   410.00000000000000       0.81531501449974253        130131.25569086238        0.0000000000000000        0.0000000000000000        58392.198309226893     
          42   420.00000000000000       0.81233385454686413        136106.18209220268        0.0000000000000000        0.0000000000000000        59091.547622671351     
          43   430.00000000000000       0.80977546073056417        141674.82444461645        0.0000000000000000        0.0000000000000000        59782.716004499933     
          44   440.00000000000000       0.80756250602471913        146921.77728664540        0.0000000000000000        0.0000000000000000        60465.984021510463     
          45   450.00000000000000       0.80563834729142025        151904.70498331916        0.0000000000000000        0.0000000000000000        61141.616560500581     
          46   460.00000000000000       0.80395889028804057        156665.16165998642        0.0000000000000000        0.0000000000000000        61809.864028389333     
          47   470.00000000000000       0.80248763413379287        161234.36002074869        0.0000000000000000        0.0000000000000000        62470.963436757447     
          48   480.00000000000000       0.80119211283237302        165636.51086197945        0.0000000000000000        0.0000000000000000        63125.139384120237     
          49   490.00000000000000       0.80004083985814933        169890.88171741227        0.0000000000000000        0.0000000000000000        63772.604947492946     
          50   500.00000000000000       0.79900014516389128        174013.13062257320        0.0000000000000000        0.0000000000000000        64413.562493265141     
          51   510.00000000000000       0.79802988062727231        178016.20585651277        0.0000000000000000        0.0000000000000000        65048.204416138586     
          52   520.00000000000000       0.79707767462214185        181910.97356221161        0.0000000000000000        0.0000000000000000        65676.713813794311     
          53   530.00000000000000       0.79606571707619500        185706.66807655280        0.0000000000000000        0.0000000000000000        66299.265103961807     
          54   540.00000000000000       0.79483993450311474        195454.07754143304        0.0000000000000000        1.0000000000000000        66916.024589824490     
          55   550.00000000000000       0.79318381459892540        204080.43857171776        0.0000000000000000        0.0000000000000000        67527.150978921913     
          56   560.00000000000000       0.79117518371278717        210881.39554023248        0.0000000000000000        0.0000000000000000        68132.795860148035     
          57   570.00000000000000       0.78888219299715645        216985.93933581619        0.0000000000000000        0.0000000000000000        68733.104142931756     
          58   580.00000000000000       0.78632417798370002        222661.91635812647        0.0000000000000000        0.0000000000000000        69328.214462161064     
          59   590.00000000000000       0.78351200915224117        228030.73436772026        0.0000000000000000        0.0000000000000000        69918.259552094620     
          60   600.00000000000000       0.78045780069179582        233160.80144481908        0.0000000000000000        0.0000000000000000        70503.366592089646     
          61   610.00000000000000       0.77718160092965038        238095.70813203353        0.0000000000000000        0.0000000000000000        71083.657526738476     
          62   620.00000000000000       0.77372073682742981        242865.56129504045        0.0000000000000000        0.0000000000000000        71659.249362637289     
          63   630.00000000000000       0.77014300710751205        247492.37701924623        0.0000000000000000        0.0000000000000000        72230.254443882499     
          64   640.00000000000000       0.76657518015065129        251992.95520341804        0.0000000000000000        0.0000000000000000        72796.780708111823     
          65   650.00000000000000       0.76331695481432904        268466.25336615043        0.0000000000000000        0.0000000000000000        73358.931924751028     
          66   660.00000000000000       0.76080603531567204        282763.70629026915        0.0000000000000000        0.0000000000000000        73916.807916939259     
          67   670.00000000000000       0.75881143300411946        293473.43148781778        0.0000000000000000        0.0000000000000000        74470.504768498708     
          68   680.00000000000000       0.75714746591724080        302850.26262840070        0.0000000000000000        0.0000000000000000        75020.115017145406     
          69   690.00000000000000       0.75575322768149666        311426.85071763006        0.0000000000000000        0.0000000000000000        75565.727835062426     
          70   700.00000000000000       0.75460763095524941        319443.11774455488        0.0000000000000000        0.0000000000000000        76107.429197810125     
          71   710.00000000000000       0.75371677564268735        327033.15288948821        0.0000000000000000        0.0000000000000000        76645.302042488940     
          72   720.00000000000000       0.75311998116425460        334281.58152123517        0.0000000000000000        0.0000000000000000        77179.426415987313     
          73   730.00000000000000       0.99925221679793619        353331.93915175973        2.0000000000000000        0.0000000000000000        77709.879614060745     
          74   740.00000000000000       0.99925221679793608        376109.59714613040        1.0000000000000000        0.0000000000000000        78236.736311909277     
          75   750.00000000000000       0.75403928401495779        394145.68768988660        0.0000000000000000        0.0000000000000000        78760.068686901592     
          76   760.00000000000000       0.75481973350034393        415044.62942246412        0.0000000000000000        1.0000000000000000        79279.946534010582     
          77   770.00000000000000       0.75558527181975965        433396.39462752128        0.0000000000000000        0.0000000000000000        79796.437374465633     
          78   780.00000000000000       0.75637473721189885        449004.22103206854        0.0000000000000000        0.0000000000000000        80309.606558137108     
          79   790.00000000000000       0.75721376270183705        463251.63672185369        0.0000000000000000        0.0000000000000000        80819.517360045575     
          80   800.00000000000000       0.75808417369047099        476558.08155927819        0.0000000000000000        0.0000000000000000        81326.231071425602     
          81   810.00000000000000       0.75893461446294785        489144.65519688249        0.0000000000000000        0.0000000000000000        81829.807085756212     
          82   820.00000000000000       0.75963729812377967        513235.50473545399        0.0000000000000000        2.0000000000000000        82330.302979985252     
          83   830.00000000000000       0.76000270306558160        534766.51547477953        0.0000000000000000        0.0000000000000000        82827.774591390975     
          84   840.00000000000000       0.76012428980397573        552386.43205855100        0.0000000000000000        0.0000000000000000        83322.276090291329     
          85   850.00000000000000       0.76008287484202663        568395.57851613022        0.0000000000000000        0.0000000000000000        83813.860048902221     
          86   860.00000000000000       0.75990797798707255        583361.89218936302        0.0000000000000000        0.0000000000000000        84302.577506556176     
          87   870.00000000000000       0.75961544275248105        597553.38814492733        0.0000000000000000        0.0000000000000000        84788.478031571023     
          88   880.00000000000000       0.75921526083349766        611126.99648020021        0.0000000000000000        0.0000000000000000        85271.609779929742     
          89   890.00000000000000       0.75871418960078429        624186.23802326212        0.0000000000000000        0.0000000000000000        85752.019550979137     
          90   900.00000000000000       0.99925221679793608        642847.65471707634        1.0000000000000000        0.0000000000000000        86229.752840342000     
          91   910.00000000000000       0.75742800985694492        672172.59762390458        0.0000000000000000        0.0000000000000000        86704.853890208527     
          92   920.00000000000000       0.75685456702845266        697334.50979487598        0.0000000000000000        0.0000000000000000        87177.365737149492     
          93   930.00000000000000       0.75633289181918117        718070.93686277745        0.0000000000000000        0.0000000000000000        87647.330257622525     
          94   940.00000000000000       0.75578991657247629        736920.82303149079        0.0000000000000000        0.0000000000000000        88114.788211287931     
          95   950.00000000000000       0.75517721474400012        754551.44817125087        0.0000000000000000        0.0000000000000000        88579.779282262549     
          96   960.00000000000000       0.75442544483287322        777324.93464310339        0.0000000000000000        1.0000000000000000        89042.342118442059     
          97   970.00000000000000       0.75343055794142744        804391.35519177141        0.0000000000000000        1.0000000000000000        89502.514368988574     
          98   980.00000000000000       0.75216667860278341        828083.23034800973        0.0000000000000000        0.0000000000000000        89960.332720091566     
          99   990.00000000000000       0.75070212736516517        848900.42514086061        0.0000000000000000        0.0000000000000000        90415.832929120399     
         100   1000.0000000000000       0.74910689126032792        868294.19535663538        0.0000000000000000        0.0000000000000000        90869.049857185222     
         101   1010.0000000000000       0.74748486445192164        898780.46698011342        0.0000000000000000        0.0000000000000000        91320.017500298098     
         102   1020.0000000000000       0.99925221679793608        944550.14015212061        2.0000000000000000        0.0000000000000000        91768.769019144587     
         103   1030.0000000000000       0.74463987880392202        983080.86055702087        0.0000000000000000        0.0000000000000000        92215.336767498404     
         104   1040.0000000000000       0.74334076979421582        1014583.1673018731        0.0000000000000000        0.0000000000000000        92659.752319491468     
         105   1050.0000000000000       0.74205430674278683        1043023.5581419008        0.0000000000000000        0.0000000000000000        93102.046495635994     
         106   1060.0000000000000       0.74076482759781082        1069478.9862205682        0.0000000000000000        0.0000000000000000        93542.249387780204     
         107   1070.0000000000000       0.73947027763216111        1094472.5595433887        0.0000000000000000        0.0000000000000000        93980.390383002348     
         108   1080.0000000000000       0.73818395490346300        1118313.0033519357        0.0000000000000000        0.0000000000000000        94416.498186503537     
         109   1090.0000000000000       0.99925221679793663        1153289.3210863555        2.0000000000000000        0.0000000000000000        94850.600843541324     
         110   1100.0000000000000       0.73585940409868122        1185386.0077965681        0.0000000000000000        0.0000000000000000        95282.725760512054     
         111   1110.0000000000000       0.99925221679793619        1237460.7009643845        2.0000000000000000        2.0000000000000000        95712.899725100957     
         112   1120.0000000000000       0.73389393689179694        1283524.8333117566        0.0000000000000000        0.0000000000000000        96141.148925687186     
         113   1130.0000000000000       0.73298090580846675        1339457.4870422485        0.0000000000000000        1.0000000000000000        96567.498969950713     
         114   1140.0000000000000       0.73212706920780579        1388802.4142824435        0.0000000000000000        0.0000000000000000        96991.974902718328     
         115   1150.0000000000000       0.73129569647259252        1430654.7502895312        0.0000000000000000        0.0000000000000000        97414.601223154925     
         116   1160.0000000000000       0.73044746900148327        1468972.2189067255        0.0000000000000000        0.0000000000000000        97835.401901266538     
         117   1170.0000000000000       0.72953065451216648        1516974.5619356835        0.0000000000000000        2.0000000000000000        98254.400393730029     
         118   1180.0000000000000       0.72847767843059841        1567123.8202730727        0.0000000000000000        0.0000000000000000        98671.619659213349     
         119   1190.0000000000000       0.72735538341529460        1635445.6709314163        0.0000000000000000        0.0000000000000000        99087.082172974013     
         120   1200.0000000000000       0.72631311402178178        1695399.0326793587        0.0000000000000000        0.0000000000000000        99500.809941073880     
         121   1210.0000000000000       0.72531168813980429        1745966.4231889164        0.0000000000000000        0.0000000000000000        99912.824513917789     
         122   1220.0000000000000       0.72430458684918630        1792272.0128211814        0.0000000000000000        0.0000000000000000        100323.14699938148     
         123   1230.0000000000000       0.72327157242542939        1835718.2371673845        0.0000000000000000        0.0000000000000000        100731.79807541799     
         124   1240.0000000000000       0.72219787454885642        1877002.1902628366        0.0000000000000000        0.0000000000000000        101138.79800223559     
         125   1250.0000000000000       0.72106562692377407        1922587.9906036733        0.0000000000000000        1.0000000000000000        101544.16663399711     
         126   1260.0000000000000       0.71985894488039504        1965679.5117160738        0.0000000000000000        0.0000000000000000        101947.92343014106     
         127   1270.0000000000000       0.99925221679793641        2029942.2586604711        2.0000000000000000        0.0000000000000000        102350.08746625483     
         128   1280.0000000000000       0.71745302108442643        2100421.7844150765        0.0000000000000000        1.0000000000000000        102750.67744463310     
         129   1290.0000000000000       0.71623968141136507        2160501.7917363402        0.0000000000000000        0.0000000000000000        103149.71170439199     
         130   1300.0000000000000       0.71500456623781461        2225557.0043429406        0.0000000000000000        0.0000000000000000        103547.20823126473     
         131   1310.0000000000000       0.71379731647710698        2284873.2739360989        0.0000000000000000        0.0000000000000000        103943.18466710858     
         132   1320.0000000000000       0.71260743417559846        2338132.6991447364        0.0000000000000000        0.0000000000000000        104337.65831896849     
         133   1330.0000000000000       0.71144173681410172        2400245.8225650052        0.0000000000000000        0.0000000000000000        104730.64616795629     
         134   1340.0000000000000       0.71033818025129858        2470024.0933443918        0.0000000000000000        0.0000000000000000        105122.16487779096     
         135   1350.0000000000000       0.99925221679793563        2544453.4076992329        1.0000000000000000        1.0000000000000000        105512.23080297001     
         136   1360.0000000000000       0.70819014438206274        2610510.0328875366        0.0000000000000000        0.0000000000000000        105900.85999684408     
         137   1370.0000000000000       0.70706440666048886        2699978.9961409452        0.0000000000000000        3.0000000000000000        106288.06821922958     
         138   1380.0000000000000       0.70592029600351824        2780633.0494857114        0.0000000000000000        0.0000000000000000        106673.87094393373     
         139   1390.0000000000000       0.99925221679793608        2886194.3593930067        4.0000000000000000        0.0000000000000000        107058.28336594440     
         140   1400.0000000000000       0.70406107100918303        2986392.4078335101        0.0000000000000000        1.0000000000000000        107441.32040840574     
         141   1410.0000000000000       0.99925221679793552        3083634.3377672993        2.0000000000000000        0.0000000000000000        107822.99672938325     
         142   1420.0000000000000       0.70286408528017374        3170621.8664838942        0.0000000000000000        0.0000000000000000        108203.32672843523     
         143   1430.0000000000000       0.70234683742666504        3261226.5628714347        0.0000000000000000        2.0000000000000000        108582.32455290668     
         144   1440.0000000000000       0.99925221679793563        3387144.2483261772        2.0000000000000000        4.0000000000000000        108960.00410409831     
         145   1450.0000000000000       0.70104475080626760        3498675.6366906678        0.0000000000000000        0.0000000000000000        109336.37904322892     
         146   1460.0000000000000       0.70024529677929459        3593824.1578224520        0.0000000000000000        0.0000000000000000        109711.46279715747     
         147   1470.0000000000000       0.69939966725470804        3681462.1238355404        0.0000000000000000        0.0000000000000000        110085.26856401376     
         148   1480.0000000000000       0.99925221679793585        3800266.1234565326        2.0000000000000000        0.0000000000000000        110457.80931859277     
         149   1490.0000000000000       0.99925221679793630        3933137.7731099059        1.0000000000000000        1.0000000000000000        110829.09781762771     
         150   1500.0000000000000       0.69699219444077254        4072402.5085741123        0.0000000000000000        1.0000000000000000        111199.14660486393     
         151   1510.0000000000000       0.69620372055865454        4194140.2483293633        0.0000000000000000        0.0000000000000000        111567.96801604144     
         152   1520.0000000000000       0.69540307794541145        4301944.3539949469        0.0000000000000000        0.0000000000000000        111935.57418363355     
         153   1530.0000000000000       0.69460157924546340        4402340.2979846234        0.0000000000000000        0.0000000000000000        112301.97704159096     
         154   1540.0000000000000       0.69382718874892702        4521625.3741343021        0.0000000000000000        0.0000000000000000        112667.18832973391     
         155   1550.0000000000000       0.69313199614999588        4674924.8877355848        0.0000000000000000        1.0000000000000000        113031.21959831379     
         156   1560.0000000000000       0.69252464130189961        4834737.7271827338        0.0000000000000000        0.0000000000000000        113394.08221209981     
         157   1570.0000000000000       0.69195484370272642        4972773.5687402720        0.0000000000000000        0.0000000000000000        113755.78735463135     
         158   1580.0000000000000       0.69139327653268434        5095483.7745064776        0.0000000000000000        0.0000000000000000        114116.34603222087     
         159   1590.0000000000000       0.69081733525993527        5216005.8902765354        0.0000000000000000        1.0000000000000000        114475.76907782257     
         160   1600.0000000000000       0.69019985012079454        5329622.2637825636        0.0000000000000000        0.0000000000000000        114834.06715486571     
         161   1610.0000000000000       0.68952379036379274        5448978.5039088400        0.0000000000000000        2.0000000000000000        115191.25076093152     
         162   1620.0000000000000       0.68876914933275757        5573929.4969316535        0.0000000000000000        0.0000000000000000        115547.33023137599     
         163   1630.0000000000000       0.68794538515771886        5713889.2875017272        0.0000000000000000        1.0000000000000000        115902.31574272551     
         164   1640.0000000000000       0.99925221679793552        5872110.8313427912        2.0000000000000000        3.0000000000000000        116256.21731621772     
         165   1650.0000000000000       0.99925221679793608        6049768.7807107903        1.0000000000000000        1.0000000000000000        116609.04482094385     
         166   1660.0000000000000       0.68491995855244492        6212426.0069884807        0.0000000000000000        0.0000000000000000        116960.80797719024     
         167   1670.0000000000000       0.68375822946021714        6380181.3435543803        0.0000000000000000        0.0000000000000000        117311.51635946333     
         168   1680.0000000000000       0.68258013759422742        6545020.0673103714        0.0000000000000000        2.0000000000000000        117661.17939961888     
         169   1690.0000000000000       0.68135368459089674        6717955.1365112988        0.0000000000000000        0.0000000000000000        118009.80638975836     
         170   1700.0000000000000       0.68007896782836519        6893550.0650764806        0.0000000000000000        0.0000000000000000        118357.40648510493     
         171   1710.0000000000000       0.99925221679793630        7082237.4620627761        2.0000000000000000        2.0000000000000000        118703.98870688863     
         172   1720.0000000000000       0.67727835371919143        7300991.4324041000        0.0000000000000000        2.0000000000000000        119049.56194497272     
         173   1730.0000000000000       0.67571472630694418        7501067.0918563930        0.0000000000000000        1.0000000000000000        119394.13496058807     
         174   1740.0000000000000       0.67407512484204857        7713493.8602404287        0.0000000000000000        0.0000000000000000        119737.71638889983     
         175   1750.0000000000000       0.99925221679793630        7930648.8872890677        4.0000000000000000        0.0000000000000000        120080.31474153884     
         176   1760.0000000000000       0.99925221679793597        8148658.2441680003        2.0000000000000000        0.0000000000000000        120421.93840904348     
         177   1770.0000000000000       0.99925221679793608        8387446.6810400672        4.0000000000000000        0.0000000000000000        120762.59566328861     
         178   1780.0000000000000       0.66789894183572629        8626089.6088885162        0.0000000000000000        2.0000000000000000        121102.29465977289     
         179   1790.0000000000000       0.66651378485470869        8838378.7710784543        0.0000000000000000        0.0000000000000000        121441.04343997873     
         180   1800.0000000000000       0.99925221679793608        9074152.7590876911        3.0000000000000000        0.0000000000000000        121778.84993350692     
         181   1810.0000000000000       0.66396343121551349        9352049.4883103054        0.0000000000000000        0.0000000000000000        122115.72196027637     
         182   1820.0000000000000       0.66285028133018697        9611204.8979952838        0.0000000000000000        2.0000000000000000        122451.66723268293     
         183   1830.0000000000000       0.66179939361580253        9839823.3665375039        0.0000000000000000        0.0000000000000000        122786.69335753843     
         184   1840.0000000000000       0.99925221679793608        10111047.420470027        2.0000000000000000        0.0000000000000000        123120.80783825368     
         185   1850.0000000000000       0.65989747035139379        10384707.634941744        0.0000000000000000        0.0000000000000000        123454.01807661913     
         186   1860.0000000000000       0.65903900459898979        10658318.671053501        0.0000000000000000        0.0000000000000000        123786.33137484826     
         187   1870.0000000000000       0.99925221679793608        10954831.897987222        2.0000000000000000        0.0000000000000000        124117.75493739359     
         188   1880.0000000000000       0.65742862114771894        11228310.824639745        0.0000000000000000        1.0000000000000000        124448.29587277211     
         189   1890.0000000000000       0.65663953843150180        11480664.065309521        0.0000000000000000        0.0000000000000000        124777.96119530313     
         190   1900.0000000000000       0.65583942490468561        11752377.627048608        0.0000000000000000        2.0000000000000000        125106.75782698393     
         191   1910.0000000000000       0.65502543068075458        12047511.439585650        0.0000000000000000        1.0000000000000000        125434.69259900041     
         192   1920.0000000000000       0.99925221679793585        12358008.423830194        2.0000000000000000        1.0000000000000000        125761.77225350961     
         193   1930.0000000000000       0.65337816761471479        12698226.331921602        0.0000000000000000        1.0000000000000000        126088.00344522297     
         194   1940.0000000000000       0.65257015350202341        13021095.976155896        0.0000000000000000        3.0000000000000000        126413.39274296910     
         195   1950.0000000000000       0.65173895552148819        13321584.760837317        0.0000000000000000        0.0000000000000000        126737.94663126022     
         196   1960.0000000000000       0.65087337845412263        13622481.748806003        0.0000000000000000        2.0000000000000000        127061.67151179351     
         197   1970.0000000000000       0.64995799173930791        13914142.229075840        0.0000000000000000        2.0000000000000000        127384.57370491140     
         198   1980.0000000000000       0.64898272741498575        14269671.682539888        0.0000000000000000        4.0000000000000000        127706.65945106372     
         199   1990.0000000000000       0.64795681660096838        14625687.896623969        0.0000000000000000        0.0000000000000000        128027.93491217494     
         200   2000.0000000000000       0.64688890503370100        14953755.840322392        0.0000000000000000        0.0000000000000000        128348.40617310628     
         201   2010.0000000000000       0.99925221679793608        15338554.331766509        2.0000000000000000        2.0000000000000000        128668.07924287021     
         202   2020.0000000000000       0.64465272801151463        15720350.046047265        0.0000000000000000        0.0000000000000000        128986.96005605906     
         203   2030.0000000000000       0.99925221679793585        16120339.746893054        2.0000000000000000        0.0000000000000000        129305.05447408557     
         204   2040.0000000000000       0.99925221679793585        16512823.522023205        3.0000000000000000        0.0000000000000000        129622.36828643456     
         205   2050.0000000000000       0.64130155683102408        16926690.897540916        0.0000000000000000        0.0000000000000000        129938.90721187741     
         206   2060.0000000000000       0.64027012416789664        17315020.595629040        0.0000000000000000        0.0000000000000000        130254.67689976096     
         207   2070.0000000000000       0.99925221679793652        17715483.216053672        2.0000000000000000        2.0000000000000000        130569.68293103576     
         208   2080.0000000000000       0.99925221679793619        18157804.749129746        1.0000000000000000        0.0000000000000000        130883.93081957847     
         209   2090.0000000000000       0.63731337298148794        18625036.866515845        0.0000000000000000        2.0000000000000000        131197.42601313815     
         210   2100.0000000000000       0.63636999113889159        19103459.187406655        0.0000000000000000        2.0000000000000000        131510.17389461398     
         211   2110.0000000000000       0.99925221679793541        19580405.369284891        4.0000000000000000        0.0000000000000000        131822.17978302389     
         212   2120.0000000000000       0.63453304453792925        20034154.917635921        0.0000000000000000        2.0000000000000000        132133.44893453270     
         213   2130.0000000000000       0.99925221679793597        20526350.456802092        6.0000000000000000        1.0000000000000000        132443.98654363304     
         214   2140.0000000000000       0.99925221679793619        20995051.153312009        2.0000000000000000        0.0000000000000000        132753.79774399474     
         215   2150.0000000000000       0.99925221679793574        21522334.185339428        4.0000000000000000        0.0000000000000000        133062.88760953397     
         216   2160.0000000000000       0.63139674457467232        22052748.456842884        0.0000000000000000        4.0000000000000000        133371.26115538925     
         217   2170.0000000000000       0.99925221679793641        22623528.684483327        2.0000000000000000        0.0000000000000000        133678.92333886027     
         218   2180.0000000000000       0.63011306273843981        23205299.990658481        0.0000000000000000        4.0000000000000000        133985.87906029075     
         219   2190.0000000000000       0.62945116602162998        23791195.468049370        0.0000000000000000        2.0000000000000000        134292.13316405565     
         220   2200.0000000000000       0.62878219049418294        24373668.081719581        0.0000000000000000        1.0000000000000000        134597.69043942168     
         221   2210.0000000000000       0.99925221679793674        24967507.838859890        3.0000000000000000        0.0000000000000000        134902.55562136695     
         222   2220.0000000000000       0.62753807677698692        25574209.444248214        0.0000000000000000        3.0000000000000000        135206.73339154199     
         223   2230.0000000000000       0.62696375607490640        26203522.384245686        0.0000000000000000        4.0000000000000000        135510.22837904468     
         224   2240.0000000000000       0.99925221679793585        26834573.487678684        3.0000000000000000        0.0000000000000000        135813.04516119882     
         225   2250.0000000000000       0.99925221679793608        27478667.163743664        1.0000000000000000        5.0000000000000000        136115.18826447800     
         226   2260.0000000000000       0.62518906082108727        28149514.856134210        0.0000000000000000        6.0000000000000000        136416.66216519475     
         227   2270.0000000000000       0.62452562887184304        28812241.248637207        0.0000000000000000        0.0000000000000000        136717.47129031271     
         228   2280.0000000000000       0.62383192691338862        29461630.498246431        0.0000000000000000        0.0000000000000000        137017.62001818791     
         229   2290.0000000000000       0.99925221679793585        30135886.662244312        4.0000000000000000        0.0000000000000000        137317.11267935485     
         230   2300.0000000000000       0.62243979956275464        30845657.715002760        0.0000000000000000        4.0000000000000000        137615.95355720818     
         231   2310.0000000000000       0.99925221679793630        31593837.840206958        2.0000000000000000        0.0000000000000000        137914.14688870311     
         232   2320.0000000000000       0.62104795109241073        32312260.417874157        0.0000000000000000        1.0000000000000000        138211.69686516374     
         233   2330.0000000000000       0.62033081742044338        33035586.552181620        0.0000000000000000        5.0000000000000000        138508.60763282701     
         234   2340.0000000000000       0.61957575474310533        33809614.158241957        0.0000000000000000        1.0000000000000000        138804.88329358771     
         235   2350.0000000000000       0.61879544185148039        34611756.201658636        0.0000000000000000        0.0000000000000000        139100.52790571004     
         236   2360.0000000000000       0.99925221679793697        35402581.967814162        2.0000000000000000        0.0000000000000000        139395.54548438266     
         237   2370.0000000000000       0.99925221679793652        36216869.602005407        2.0000000000000000        1.0000000000000000        139689.94000237063     
         238   2380.0000000000000       0.61643990774334523        37075141.053149514        0.0000000000000000        2.0000000000000000        139983.71539072320     
         239   2390.0000000000000       0.61564124129551889        37961698.086738914        0.0000000000000000        4.0000000000000000        140276.87553928047     
         240   2400.0000000000000       0.99925221679793574        38888404.776988193        6.0000000000000000        8.0000000000000000        140569.42429732904     
         241   2410.0000000000000       0.99925221679793652        39832698.781299472        3.0000000000000000        0.0000000000000000        140861.36547421291     
         242   2420.0000000000000       0.99925221679793630        40742805.781292155        4.0000000000000000        0.0000000000000000        141152.70283984765     
         243   2430.0000000000000       0.99925221679793608        41605200.993528031        2.0000000000000000        0.0000000000000000        141443.44012532756     
         244   2440.0000000000000       0.61172407979489796        42498405.451783724        0.0000000000000000        0.0000000000000000        141733.58102348447     
         245   2450.0000000000000       0.99925221679793585        43453910.688961007        2.0000000000000000        3.0000000000000000        142023.12918946147     
         246   2460.0000000000000       0.99925221679793608        44556778.205540851        4.0000000000000000        1.0000000000000000        142312.08824113756     
         247   2470.0000000000000       0.60950226232080507        45650513.413849242        0.0000000000000000        8.0000000000000000        142600.46175982431     
         248   2480.0000000000000       0.60872217720455668        46686244.753595017        0.0000000000000000        4.0000000000000000        142888.25329064205     
         249   2490.0000000000000       0.99925221679793641        47711659.545625657        4.0000000000000000        0.0000000000000000        143175.46634311229     
         250   2500.0000000000000       0.99925221679793585        48751309.548069686        6.0000000000000000        0.0000000000000000        143462.10439156741     
         251   2510.0000000000000       0.99925221679793597        49833880.448701456        2.0000000000000000        5.0000000000000000        143748.17087577656     
         252   2520.0000000000000       0.99925221679793597        51036569.354834989        4.0000000000000000        6.0000000000000000        144033.66920131445     
         253   2530.0000000000000       0.60479184755168791        52323681.467956781        0.0000000000000000        7.0000000000000000        144318.60274004191     
         254   2540.0000000000000       0.99925221679793541        53560831.284904584        2.0000000000000000        4.0000000000000000        144602.97483064979     
         255   2550.0000000000000       0.60321772803076679        54844186.821359612        0.0000000000000000        0.0000000000000000        144886.78877905384     
         256   2560.0000000000000       0.99925221679793608        56143317.680816598        1.0000000000000000        4.0000000000000000        145170.04785880446     
         257   2570.0000000000000       0.99925221679793585        57478827.691802867        4.0000000000000000        3.0000000000000000        145452.75531164557     
         258   2580.0000000000000       0.60087667872182038        58786284.562792480        0.0000000000000000        1.0000000000000000        145734.91434783116     
         259   2590.0000000000000       0.60011836760360060        60172580.647349738        0.0000000000000000        11.000000000000000        146016.52814661339     
         260   2600.0000000000000       0.59934878585441143        61570241.128039770        0.0000000000000000        5.0000000000000000        146297.59985665604     
         261   2610.0000000000000       0.99925221679793585        62978276.292591445        4.0000000000000000        1.0000000000000000        146578.13259640336     
         262   2620.0000000000000       0.59774815477412413        64412025.777664497        0.0000000000000000        1.0000000000000000        146858.12945456058     
         263   2630.0000000000000       0.59692015114684593        65863350.015905797        0.0000000000000000        0.0000000000000000        147137.59349038824     
         264   2640.0000000000000       0.99925221679793630        67319184.007378802        2.0000000000000000        2.0000000000000000        147416.52773420140     
         265   2650.0000000000000       0.59522160490499465        68752246.775824562        0.0000000000000000        2.0000000000000000        147694.93518766388     
         266   2660.0000000000000       0.99925221679793608        70213508.678463101        4.0000000000000000        1.0000000000000000        147972.81882421300     
         267   2670.0000000000000       0.99925221679793563        71772013.262603626        2.0000000000000000        2.0000000000000000        148250.18158943579     
         268   2680.0000000000000       0.99925221679793585        73383592.574896306        6.0000000000000000        6.0000000000000000        148527.02640138566     
         269   2690.0000000000000       0.59178267036978038        74994625.757817954        0.0000000000000000        4.0000000000000000        148803.35615099967     
         270   2700.0000000000000       0.59093555034402712        76682809.274640664        0.0000000000000000        2.0000000000000000        149079.17370236665     
         271   2710.0000000000000       0.59009065037132269        78401664.934700072        0.0000000000000000        2.0000000000000000        149354.48189323768     
         272   2720.0000000000000       0.58924235196139707        80127358.781069919        0.0000000000000000        5.0000000000000000        149629.28353513032     
         273   2730.0000000000000       0.99925221679793519        81855364.585050896        6.0000000000000000        0.0000000000000000        149903.58141387999     
         274   2740.0000000000000       0.58753726273245765        83639922.529471532        0.0000000000000000        3.0000000000000000        150177.37828986347     
         275   2750.0000000000000       0.99925221679793574        85440913.462181196        2.0000000000000000        4.0000000000000000        150450.67689828947     
         276   2760.0000000000000       0.99925221679793563        87306477.307995319        4.0000000000000000        0.0000000000000000        150723.47994963452     
         277   2770.0000000000000       0.99925221679793552        89263716.330608502        6.0000000000000000        2.0000000000000000        150995.79012986273     
         278   2780.0000000000000       0.99925221679793619        91202309.108384177        1.0000000000000000        7.0000000000000000        151267.61010076851     
         279   2790.0000000000000       0.99925221679793597        93220548.435528621        10.000000000000000        14.000000000000000        151538.94250023365     
         280   2800.0000000000000       0.99925221679793630        95285543.798767552        2.0000000000000000        12.000000000000000        151809.78994264454     
         281   2810.0000000000000       0.99925221679793563        97314427.641037792        5.0000000000000000        0.0000000000000000        152080.15501903743     
         282   2820.0000000000000       0.99925221679793630        99448502.884595290        6.0000000000000000        6.0000000000000000        152350.04029746726     
         283   2830.0000000000000       0.99925221679793652        101690615.45500171        1.0000000000000000        4.0000000000000000        152619.44832333177     
         284   2840.0000000000000       0.99925221679793641        103990875.81225608        3.0000000000000000        1.0000000000000000        152888.38161955774     
         285   2850.0000000000000       0.99925221679793608        106352737.10305864        4.0000000000000000        6.0000000000000000        153156.84268692508     
         286   2860.0000000000000       0.99925221679793574        108730753.64937001        4.0000000000000000        11.000000000000000        153424.83400433138     
         287   2870.0000000000000       0.99925221679793552        111053815.41285308        2.0000000000000000        7.0000000000000000        153692.35802909732     
         288   2880.0000000000000       0.99925221679793641        113512494.83140483        4.0000000000000000        2.0000000000000000        153959.41719714552     
         289   2890.0000000000000       0.99925221679793597        116112720.26078261        6.0000000000000000        3.0000000000000000        154226.01392335072     
         290   2900.0000000000000       0.57494456455540588        118702757.68817741        0.0000000000000000        4.0000000000000000        154492.15060172230     
         291   2910.0000000000000       0.99925221679793585        121345123.91802314        2.0000000000000000        2.0000000000000000        154757.82960567996     
         292   2920.0000000000000       0.99925221679793619        124016059.33933139        4.0000000000000000        4.0000000000000000        155023.05328834802     
         293   2930.0000000000000       0.99925221679793652        126758223.38952450        3.0000000000000000        7.0000000000000000        155287.82398270443     
         294   2940.0000000000000       0.99925221679793652        129485312.92488967        3.0000000000000000        1.0000000000000000        155552.14400192723     
         295   2950.0000000000000       0.57106907684718078        132217272.82507418        0.0000000000000000        6.0000000000000000        155816.01563950628     
         296   2960.0000000000000       0.57033169522039540        135085586.81954572        0.0000000000000000        1.0000000000000000        156079.44116958976     
         297   2970.0000000000000       0.56960915118806543        137986509.49785388        0.0000000000000000        3.0000000000000000        156342.42284715548     
         298   2980.0000000000000       0.99925221679793608        140908420.40677410        4.0000000000000000        9.0000000000000000        156604.96290826797     
         299   2990.0000000000000       0.99925221679793630        143911845.54985878        1.0000000000000000        1.0000000000000000        156867.06357026100     
         300   3000.0000000000000       0.56743752482672127        146982919.12825271        0.0000000000000000        4.0000000000000000        157128.72703192756     
         301   3010.0000000000000       0.56669558496287342        149975726.60176003        0.0000000000000000        0.0000000000000000        157389.95547389984     
         302   3020.0000000000000       0.99925221679793597        152951846.63850367        6.0000000000000000        8.0000000000000000        157650.75105862319     
         303   3030.0000000000000       0.99925221679793663        156115056.28285417        1.0000000000000000        4.0000000000000000        157911.11593076214     
         304   3040.0000000000000       0.99925221679793641        159344127.17321947        8.0000000000000000        7.0000000000000000        158171.05221728608     
         305   3050.0000000000000       0.99925221679793486        162750922.91658846        4.0000000000000000        12.000000000000000        158430.56202775240     
         306   3060.0000000000000       0.99925221679793697        166205349.37909546        6.0000000000000000        8.0000000000000000        158689.64745443687     
         307   3070.0000000000000       0.56219951723225248        169769737.56937209        0.0000000000000000        13.000000000000000        158948.31057260931     
         308   3080.0000000000000       0.99925221679793597        173338157.74751189        2.0000000000000000        4.0000000000000000        159206.55344057083     
         309   3090.0000000000000       0.99925221679793552        176979560.09933129        4.0000000000000000        3.0000000000000000        159464.37810014933     
         310   3100.0000000000000       0.99925221679793597        180595549.01102945        2.0000000000000000        10.000000000000000        159721.78657648340     
         311   3110.0000000000000       0.99925221679793652        184255965.05044949        5.0000000000000000        6.0000000000000000        159978.78087852150     
         312   3120.0000000000000       0.99925221679793541        188132870.20929608        4.0000000000000000        0.0000000000000000        160235.36299915612     
         313   3130.0000000000000       0.99925221679793574        192115602.39310855        3.0000000000000000        15.000000000000000        160491.53491524979     
         314   3140.0000000000000       0.99925221679793619        196132160.78011280        8.0000000000000000        9.0000000000000000        160747.29858791828     
         315   3150.0000000000000       0.99925221679793563        200222216.78854856        10.000000000000000        5.0000000000000000        161002.65596277267     
         316   3160.0000000000000       0.99925221679793585        204363914.87268773        4.0000000000000000        4.0000000000000000        161257.60897000879     
         317   3170.0000000000000       0.99925221679793574        208626028.03055635        8.0000000000000000        0.0000000000000000        161512.15952445567     
         318   3180.0000000000000       0.99925221679793674        212902959.58315280        8.0000000000000000        3.0000000000000000        161766.30952608585     
         319   3190.0000000000000       0.99925221679793652        217250756.61045367        5.0000000000000000        4.0000000000000000        162020.06085981429     
         320   3200.0000000000000       0.99925221679793574        221860229.82929137        6.0000000000000000        8.0000000000000000        162273.41539584845     
         321   3210.0000000000000       0.99925221679793608        226657495.87421763        4.0000000000000000        5.0000000000000000        162526.37498988956     
         322   3220.0000000000000       0.54965561448404310        231403821.15491942        0.0000000000000000        6.0000000000000000        162778.94148312509     
         323   3230.0000000000000       0.99925221679793574        236106653.94699529        10.000000000000000        2.0000000000000000        163031.11670254171     
         324   3240.0000000000000       0.54808118969730357        240993827.99404597        0.0000000000000000        6.0000000000000000        163282.90246100724     
         325   3250.0000000000000       0.99925221679793585        245989504.06926423        6.0000000000000000        5.0000000000000000        163534.30055740476     
         326   3260.0000000000000       0.99925221679793608        251040380.51277003        4.0000000000000000        4.0000000000000000        163785.31277685612     
         327   3270.0000000000000       0.99925221679793541        256236697.80493748        6.0000000000000000        3.0000000000000000        164035.94089078158     
         328   3280.0000000000000       0.99925221679793541        261554782.04667196        6.0000000000000000        11.000000000000000        164286.18665713072     
         329   3290.0000000000000       0.54443359915573197        266796610.65811175        0.0000000000000000        2.0000000000000000        164536.05182044208     
         330   3300.0000000000000       0.99925221679793597        272155295.72421950        6.0000000000000000        4.0000000000000000        164785.53811206669     
         331   3310.0000000000000       0.99925221679793619        277490525.26306045        2.0000000000000000        8.0000000000000000        165034.64725024253     
         332   3320.0000000000000       0.99925221679793497        283211648.62312418        6.0000000000000000        13.000000000000000        165283.38094026595     
         333   3330.0000000000000       0.99925221679793597        288998511.45628959        1.0000000000000000        11.000000000000000        165531.74087464064     
         334   3340.0000000000000       0.99925221679793574        294777833.12353730        2.0000000000000000        10.000000000000000        165779.72873312980     
         335   3350.0000000000000       0.99925221679793641        300741354.46468377        2.0000000000000000        16.000000000000000        166027.34618309140     
         336   3360.0000000000000       0.53949433791674106        306784885.00873864        0.0000000000000000        6.0000000000000000        166274.59487925470     
         337   3370.0000000000000       0.99925221679793519        312928018.51866251        4.0000000000000000        10.000000000000000        166521.47646424174     
         338   3380.0000000000000       0.99925221679793585        319073431.86232227        5.0000000000000000        10.000000000000000        166767.99256850779     
         339   3390.0000000000000       0.99925221679793541        325402945.47413880        2.0000000000000000        13.000000000000000        167014.14481032640     
         340   3400.0000000000000       0.99925221679793585        331748265.05310309        2.0000000000000000        9.0000000000000000        167259.93479623646     
         341   3410.0000000000000       0.99925221679793508        338353780.24598402        9.0000000000000000        13.000000000000000        167505.36412085593     
         342   3420.0000000000000       0.99925221679793619        345424974.38515562        10.000000000000000        13.000000000000000        167750.43436726928     
         343   3430.0000000000000       0.99925221679793630        352585711.01434743        10.000000000000000        11.000000000000000        167995.14710685611     
         344   3440.0000000000000       0.99925221679793652        359669773.35205323        8.0000000000000000        2.0000000000000000        168239.50389973819     
         345   3450.0000000000000       0.99925221679793630        366663042.26443255        3.0000000000000000        2.0000000000000000        168483.50629457086     
         346   3460.0000000000000       0.53192269174502016        373706032.86784935        0.0000000000000000        5.0000000000000000        168727.15582892299     
         347   3470.0000000000000       0.99925221679793563        380911095.26022315        10.000000000000000        7.0000000000000000        168970.45402921736     
         348   3480.0000000000000       0.99925221679793619        388506588.13445574        6.0000000000000000        11.000000000000000        169213.40241090953     
         349   3490.0000000000000       0.99925221679793608        396186555.00551933        4.0000000000000000        4.0000000000000000        169456.00247862190     
         350   3500.0000000000000       0.99925221679793608        404035728.87539726        6.0000000000000000        16.000000000000000        169698.25572620332     
         351   3510.0000000000000       0.99925221679793552        412117314.54748225        10.000000000000000        7.0000000000000000        169940.16363683343     
         352   3520.0000000000000       0.99925221679793552        420270959.73681378        8.0000000000000000        10.000000000000000        170181.72768317908     
         353   3530.0000000000000       0.99925221679793597        428739089.38860482        15.000000000000000        8.0000000000000000        170422.94932747632     
         354   3540.0000000000000       0.99925221679793641        437108457.95821059        4.0000000000000000        11.000000000000000        170663.83002158999     
         355   3550.0000000000000       0.99925221679793563        445656443.68248349        11.000000000000000        10.000000000000000        170904.37120719254     
         356   3560.0000000000000       0.99925221679793663        454254649.64894789        4.0000000000000000        7.0000000000000000        171144.57431580126     
         357   3570.0000000000000       0.99925221679793585        463227418.98102325        9.0000000000000000        12.000000000000000        171384.44076891989     
         358   3580.0000000000000       0.99925221679793585        472511087.81450248        9.0000000000000000        7.0000000000000000        171623.97197809070     
         359   3590.0000000000000       0.99925221679793574        481970432.57801068        7.0000000000000000        15.000000000000000        171863.16934502125     
         360   3600.0000000000000       0.99925221679793530        491446687.11650938        2.0000000000000000        16.000000000000000        172102.03426175565     
         361   3610.0000000000000       0.99925221679793630        501211138.62089360        6.0000000000000000        19.000000000000000        172340.56811057031     
         362   3620.0000000000000       0.99925221679793608        511184663.29127127        6.0000000000000000        16.000000000000000        172578.77226427197     
         363   3630.0000000000000       0.99925221679793563        521208653.96220779        8.0000000000000000        24.000000000000000        172816.64808613807     
         364   3640.0000000000000       0.99925221679793597        531288824.01027852        6.0000000000000000        11.000000000000000        173054.19693022966     
         365   3650.0000000000000       0.99925221679793585        541749033.66428649        4.0000000000000000        14.000000000000000        173291.42014107853     
         366   3660.0000000000000       0.99925221679793585        552276102.17313397        6.0000000000000000        21.000000000000000        173528.31905425340     
         367   3670.0000000000000       0.99925221679793563        562912883.07726490        7.0000000000000000        14.000000000000000        173764.89499610662     
         368   3680.0000000000000       0.99925221679793497        573888514.57788336        2.0000000000000000        25.000000000000000        174001.14928402007     
         369   3690.0000000000000       0.99925221679793619        585200023.61387563        15.000000000000000        9.0000000000000000        174237.08322636038     
         370   3700.0000000000000       0.99925221679793574        596598874.45727396        4.0000000000000000        6.0000000000000000        174472.69812277704     
         371   3710.0000000000000       0.99925221679793574        608086986.72413039        3.0000000000000000        6.0000000000000000        174707.99526403844     
         372   3720.0000000000000       0.99925221679793530        619757653.08558023        2.0000000000000000        8.0000000000000000        174942.97593232244     
         373   3730.0000000000000       0.51284252202212977        631387264.67308438        0.0000000000000000        6.0000000000000000        175177.64140113443     
         374   3740.0000000000000       0.99925221679793630        643612664.02044904        13.000000000000000        25.000000000000000        175411.99293550849     
         375   3750.0000000000000       0.99925221679793585        656075840.62162793        1.0000000000000000        23.000000000000000        175646.03179201484     
         376   3760.0000000000000       0.99925221679793497        668487740.14634025        6.0000000000000000        12.000000000000000        175879.75921889395     
         377   3770.0000000000000       0.99925221679793597        681089264.21455514        12.000000000000000        3.0000000000000000        176113.17645607889     
         378   3780.0000000000000       0.99925221679793641        694120739.95828056        5.0000000000000000        13.000000000000000        176346.28473523259     
         379   3790.0000000000000       0.99925221679793585        707600558.60720086        17.000000000000000        8.0000000000000000        176579.08528009802     
         380   3800.0000000000000       0.99925221679793619        721300513.02424693        14.000000000000000        5.0000000000000000        176811.57930608839     
         381   3810.0000000000000       0.99925221679793541        735358402.39695013        12.000000000000000        32.000000000000000        177043.76802080125     
         382   3820.0000000000000       0.99925221679793630        749383471.83763361        8.0000000000000000        31.000000000000000        177275.65262393653     
         383   3830.0000000000000       0.99925221679793608        763357019.57238972        10.000000000000000        10.000000000000000        177507.23430727422     
         384   3840.0000000000000       0.99925221679793608        777684082.33643878        11.000000000000000        10.000000000000000        177738.51425488293     
         385   3850.0000000000000       0.99925221679793652        792143517.57633090        7.0000000000000000        6.0000000000000000        177969.49364309758     
         386   3860.0000000000000       0.99925221679793608        807206257.63887835        13.000000000000000        9.0000000000000000        178200.17364070565     
         387   3870.0000000000000       0.99925221679793497        822702166.79167628        4.0000000000000000        19.000000000000000        178430.55540885031     
         388   3880.0000000000000       0.99925221679793608        838466451.17297244        14.000000000000000        24.000000000000000        178660.64010124654     
         389   3890.0000000000000       0.99925221679793674        854573167.80268681        5.0000000000000000        28.000000000000000        178890.42886415869     
         390   3900.0000000000000       0.99925221679793519        870838532.01475823        16.000000000000000        17.000000000000000        179119.92283651978     
         391   3910.0000000000000       0.99925221679793597        887189867.53984427        14.000000000000000        9.0000000000000000        179349.12314998358     
         392   3920.0000000000000       0.99925221679793519        903601861.66209269        2.0000000000000000        12.000000000000000        179578.03092890978     
         393   3930.0000000000000       0.99925221679793641        920574693.44305241        10.000000000000000        34.000000000000000        179806.64729062468     
         394   3940.0000000000000       0.99925221679793541        938036232.38925350        12.000000000000000        33.000000000000000        180034.97334526479     
         395   3950.0000000000000       0.99925221679793608        956184416.81343389        20.000000000000000        47.000000000000000        180263.01019593328     
         396   3960.0000000000000       0.99925221679793574        974551217.98944950        4.0000000000000000        10.000000000000000        180490.75893886387     
         397   3970.0000000000000       0.99925221679793541        993181273.17156386        11.000000000000000        11.000000000000000        180718.22066324949     
         398   3980.0000000000000       0.99925221679793630        1012056158.5897981        8.0000000000000000        18.000000000000000        180945.39645151794     
         399   3990.0000000000000       0.99925221679793530        1031020051.3503013        5.0000000000000000        15.000000000000000        181172.28737933189     
         400   4000.0000000000000       0.99925221679793574        1050364324.6664721        7.0000000000000000        22.000000000000000        181398.89451554418     
         401   4010.0000000000000       0.99925221679793530        1070428228.7978928        9.0000000000000000        43.000000000000000        181625.21892240644     
         402   4020.0000000000000       0.99925221679793430        1090599067.4547560        4.0000000000000000        18.000000000000000        181851.26165552437     
         403   4030.0000000000000       0.99925221679793608        1110929468.7467470        4.0000000000000000        20.000000000000000        182077.02376400679     
         404   4040.0000000000000       0.99925221679793597        1131459756.5464425        12.000000000000000        5.0000000000000000        182302.50629034638     
         405   4050.0000000000000       0.99925221679793541        1152697314.3414006        10.000000000000000        9.0000000000000000        182527.71027076244     
         406   4060.0000000000000       0.99925221679793585        1173989266.7332242        14.000000000000000        12.000000000000000        182752.63673496246     
         407   4070.0000000000000       0.99925221679793652        1195820087.2141647        18.000000000000000        21.000000000000000        182977.28670631349     
         408   4080.0000000000000       0.99925221679793630        1217691565.3042130        7.0000000000000000        13.000000000000000        183201.66120209545     
         409   4090.0000000000000       0.48729214838740209        1239953145.7507558        0.0000000000000000        20.000000000000000        183425.76123310626     
         410   4100.0000000000000       0.99925221679793552        1262609386.8731432        12.000000000000000        25.000000000000000        183649.58780412376     
         411   4110.0000000000000       0.99925221679793608        1285806102.1818879        10.000000000000000        15.000000000000000        183873.14191383123     
         412   4120.0000000000000       0.99925221679793652        1309349213.2671552        10.000000000000000        27.000000000000000        184096.42455478758     
         413   4130.0000000000000       0.99925221679793574        1333330375.4578102        10.000000000000000        14.000000000000000        184319.43671354651     
         414   4140.0000000000000       0.99925221679793663        1357647623.0281386        16.000000000000000        18.000000000000000        184542.17937069386     
         415   4150.0000000000000       0.99925221679793574        1382321105.6424613        9.0000000000000000        22.000000000000000        184764.65350095928     
         416   4160.0000000000000       0.99925221679793608        1407639723.1843915        19.000000000000000        34.000000000000000        184986.86007317156     
         417   4170.0000000000000       0.99925221679793652        1433421420.8037157        20.000000000000000        26.000000000000000        185208.80005032569     
         418   4180.0000000000000       0.99925221679793585        1459634981.9394484        10.000000000000000        16.000000000000000        185430.47438966483     
         419   4190.0000000000000       0.99925221679793685        1486341804.4470239        25.000000000000000        17.000000000000000        185651.88404276967     
         420   4200.0000000000000       0.99925221679793552        1513246038.4407425        16.000000000000000        34.000000000000000        185873.02995552123     
         421   4210.0000000000000       0.99925221679793530        1540502095.7844667        18.000000000000000        52.000000000000000        186093.91306810826     
         422   4220.0000000000000       0.99925221679793585        1568619232.6794069        18.000000000000000        45.000000000000000        186314.53431528807     
         423   4230.0000000000000       0.99925221679793619        1597589938.5874348        5.0000000000000000        24.000000000000000        186534.89462617040     
         424   4240.0000000000000       0.99925221679793563        1627133852.5560031        17.000000000000000        33.000000000000000        186754.99492441118     
         425   4250.0000000000000       0.99925221679793508        1657178843.8423343        14.000000000000000        29.000000000000000        186974.83612830192     
         426   4260.0000000000000       0.99925221679793597        1687388231.6006017        16.000000000000000        15.000000000000000        187194.41915062070     
         427   4270.0000000000000       0.99925221679793574        1717994868.7631490        7.0000000000000000        20.000000000000000        187413.74489890784     
         428   4280.0000000000000       0.99925221679793474        1749069106.4211361        21.000000000000000        44.000000000000000        187632.81427533925     
         429   4290.0000000000000       0.99925221679793574        1780831607.3046727        9.0000000000000000        32.000000000000000        187851.62817683071     
         430   4300.0000000000000       0.99925221679793530        1813189110.8730326        13.000000000000000        30.000000000000000        188070.18749511987     
         431   4310.0000000000000       0.99925221679793574        1846260639.0096288        13.000000000000000        28.000000000000000        188288.49311672896     
         432   4320.0000000000000       0.99925221679793619        1880143020.9649627        20.000000000000000        23.000000000000000        188506.54592309892     
         433   4330.0000000000000       0.99925221679793474        1914243085.4487588        18.000000000000000        11.000000000000000        188724.34679042548     
         434   4340.0000000000000       0.99925221679793674        1949265261.0545917        11.000000000000000        26.000000000000000        188941.89659013599     
         435   4350.0000000000000       0.99925221679793563        1984375204.3891423        8.0000000000000000        24.000000000000000        189159.19618836790     
         436   4360.0000000000000       0.99925221679793608        2019968589.4357498        5.0000000000000000        26.000000000000000        189376.24644640088     
         437   4370.0000000000000       0.99925221679793608        2056475188.5210273        12.000000000000000        29.000000000000000        189593.04822067171     
         438   4380.0000000000000       0.99925221679793519        2093316486.8527274        14.000000000000000        23.000000000000000        189809.60236258060     
         439   4390.0000000000000       0.99925221679793663        2130919541.5841999        8.0000000000000000        22.000000000000000        190025.90971867740     
         440   4400.0000000000000       0.99925221679793663        2169215740.4254169        6.0000000000000000        35.000000000000000        190241.97113090008     
         441   4410.0000000000000       0.99925221679793663        2207992346.4572787        10.000000000000000        31.000000000000000        190457.78743615746     
         442   4420.0000000000000       0.99925221679793652        2246740108.4481077        22.000000000000000        32.000000000000000        190673.35946673155     
         443   4430.0000000000000       0.99925221679793563        2286405941.2685342        8.0000000000000000        21.000000000000000        190888.68805030733     
         444   4440.0000000000000       0.99925221679793574        2327236832.7554002        36.000000000000000        48.000000000000000        191103.77400971204     
         445   4450.0000000000000       0.99925221679793574        2368238202.9486160        17.000000000000000        35.000000000000000        191318.61816325039     
         446   4460.0000000000000       0.99925221679793630        2409931945.7909904        16.000000000000000        39.000000000000000        191533.22132471204     
         447   4470.0000000000000       0.99925221679793641        2452567329.6322007        1.0000000000000000        75.000000000000000        191747.58430313319     
         448   4480.0000000000000       0.99925221679793663        2496085617.9771657        24.000000000000000        49.000000000000000        191961.70790321380     
         449   4490.0000000000000       0.99925221679793486        2540425598.2144079        15.000000000000000        43.000000000000000        192175.59292510897     
         450   4500.0000000000000       0.99925221679793597        2585248921.5656443        10.000000000000000        46.000000000000000        192389.24016449600     
         451   4510.0000000000000       0.99925221679793608        2630734888.6087255        28.000000000000000        25.000000000000000        192602.65041267872     
         452   4520.0000000000000       0.99925221679793641        2676960610.7190428        14.000000000000000        30.000000000000000        192815.82445660979     
         453   4530.0000000000000       0.99925221679793530        2723603394.3813486        18.000000000000000        20.000000000000000        193028.76307878643     
         454   4540.0000000000000       0.99925221679793530        2771704882.2436171        37.000000000000000        42.000000000000000        193241.46705746651     
         455   4550.0000000000000       0.99925221679793674        2821386013.4135928        16.000000000000000        51.000000000000000        193453.93716674298     
         456   4560.0000000000000       0.99925221679793619        2871068180.0030417        18.000000000000000        47.000000000000000        193666.17417618632     
         457   4570.0000000000000       0.99925221679793519        2921029025.6207886        26.000000000000000        29.000000000000000        193878.17885141820     
         458   4580.0000000000000       0.99925221679793508        2972035597.9181771        23.000000000000000        33.000000000000000        194089.95195376128     
         459   4590.0000000000000       0.99925221679793697        3024230342.0102897        21.000000000000000        22.000000000000000        194301.49424038082     
         460   4600.0000000000000       0.99925221679793541        3077047824.8965263        25.000000000000000        22.000000000000000        194512.80646432936     
         461   4610.0000000000000       0.99925221679793641        3130967380.9864621        20.000000000000000        26.000000000000000        194723.88937467337     
         462   4620.0000000000000       0.99925221679793608        3186382231.1635675        21.000000000000000        40.000000000000000        194934.74371623248     
         463   4630.0000000000000       0.99925221679793597        3242301005.7415147        15.000000000000000        23.000000000000000        195145.37023000419     
         464   4640.0000000000000       0.99925221679793641        3298872045.7556667        14.000000000000000        41.000000000000000        195355.76965288073     
         465   4650.0000000000000       0.99925221679793541        3355911312.4126916        18.000000000000000        32.000000000000000        195565.94271773100     
         466   4660.0000000000000       0.99925221679793541        3414403881.1785598        26.000000000000000        37.000000000000000        195775.89015372097     
         467   4670.0000000000000       0.99925221679793619        3473963865.6788301        14.000000000000000        19.000000000000000        195985.61268579960     
         468   4680.0000000000000       0.99925221679793574        3534428112.8879709        25.000000000000000        37.000000000000000        196195.11103526503     
         469   4690.0000000000000       0.99925221679793552        3595875963.6503639        19.000000000000000        60.000000000000000        196404.38591957837     
         470   4700.0000000000000       0.99925221679793508        3658571559.3792739        21.000000000000000        53.000000000000000        196613.43805214018     
         471   4710.0000000000000       0.99925221679793585        3721692217.8028049        14.000000000000000        28.000000000000000        196822.26814285666     
         472   4720.0000000000000       0.99925221679793608        3785943595.4225254        11.000000000000000        35.000000000000000        197030.87689778209     
         473   4730.0000000000000       0.99925221679793508        3851215220.1683025        26.000000000000000        49.000000000000000        197239.26501905918     
         474   4740.0000000000000       0.99925221679793630        3917712583.4395599        11.000000000000000        68.000000000000000        197447.43320532143     
         475   4750.0000000000000       0.99925221679793697        3985398758.1515069        14.000000000000000        61.000000000000000        197655.38215154409     
         476   4760.0000000000000       0.99925221679793508        4054402558.1307364        18.000000000000000        64.000000000000000        197863.11254890263     
         477   4770.0000000000000       0.99925221679793730        4124570055.2249556        15.000000000000000        52.000000000000000        198070.62508496642     
         478   4780.0000000000000       0.99925221679793585        4195181970.9934731        17.000000000000000        62.000000000000000        198277.92044387758     
         479   4790.0000000000000       0.99925221679793585        4266533762.6788216        12.000000000000000        54.000000000000000        198484.99930604547     
         480   4800.0000000000000       0.99925221679793641        4339487542.1154718        32.000000000000000        48.000000000000000        198691.86234835535     
         481   4810.0000000000000       0.99925221679793452        4413196587.8272743        36.000000000000000        56.000000000000000        198898.51024417579     
         482   4820.0000000000000       0.99925221679793597        4488948691.7521887        32.000000000000000        69.000000000000000        199104.94366346300     
         483   4830.0000000000000       0.99925221679793597        4566359080.2209549        18.000000000000000        60.000000000000000        199311.16327259690     
         484   4840.0000000000000       0.99925221679793563        4645064172.5303030        26.000000000000000        50.000000000000000        199517.16973455995     
         485   4850.0000000000000       0.99925221679793597        4724544426.5869074        22.000000000000000        35.000000000000000        199722.96370890737     
         486   4860.0000000000000       0.99925221679793685        4804961571.1280289        23.000000000000000        34.000000000000000        199928.54585178941     
         487   4870.0000000000000       0.99925221679793597        4886626481.5071917        27.000000000000000        24.000000000000000        200133.91681608558     
         488   4880.0000000000000       0.99925221679793641        4968670039.8872099        21.000000000000000        50.000000000000000        200339.07725113630     
         489   4890.0000000000000       0.99925221679793619        5052403580.8961706        36.000000000000000        59.000000000000000        200544.02780311555     
         490   4900.0000000000000       0.99925221679793552        5138259514.1170177        24.000000000000000        49.000000000000000        200748.76911487430     
         491   4910.0000000000000       0.99925221679793652        5226125301.5163689        35.000000000000000        61.000000000000000        200953.30182592571     
         492   4920.0000000000000       0.99925221679793652        5314923098.7173443        35.000000000000000        42.000000000000000        201157.62657257169     
         493   4930.0000000000000       0.99925221679793630        5405093857.3721781        15.000000000000000        52.000000000000000        201361.74398794770     
         494   4940.0000000000000       0.99925221679793719        5496463673.9908228        20.000000000000000        59.000000000000000        201565.65470180660     
         495   4950.0000000000000       0.99925221679793630        5589132526.0863905        41.000000000000000        58.000000000000000        201769.35934101790     
         496   4960.0000000000000       0.99925221679793674        5683460445.1592569        27.000000000000000        51.000000000000000        201972.85852889717     
         497   4970.0000000000000       0.99925221679793619        5779621976.7170210        32.000000000000000        73.000000000000000        202176.15288594365     
         498   4980.0000000000000       0.99925221679793685        5877050161.0958261        40.000000000000000        54.000000000000000        202379.24302949011     
         499   4990.0000000000000       0.99925221679793552        5976317881.9531364        30.000000000000000        68.000000000000000        202582.12957355380     
