           0   0.0000000000000000       0.98207003002875803     
           1   10.000000000000000        0.0000000000000000     
           2   20.000000000000000        0.0000000000000000     
           3   30.000000000000000        0.0000000000000000     
           4   40.000000000000000        0.0000000000000000     
           5   50.000000000000000        0.0000000000000000     
           6   60.000000000000000        0.0000000000000000     
           7   70.000000000000000        0.0000000000000000     
           8   80.000000000000000        0.0000000000000000     
           9   90.000000000000000        0.0000000000000000     
          10   100.00000000000000        0.0000000000000000     
          11   110.00000000000000        0.0000000000000000     
          12   120.00000000000000        0.0000000000000000     
          13   130.00000000000000        0.0000000000000000     
          14   140.00000000000000        0.0000000000000000     
          15   150.00000000000000        0.0000000000000000     
          16   160.00000000000000        0.0000000000000000     
          17   170.00000000000000        0.0000000000000000     
          18   180.00000000000000        0.0000000000000000     
          19   190.00000000000000        0.0000000000000000     
          20   200.00000000000000        0.0000000000000000     
          21   210.00000000000000        0.0000000000000000     
          22   220.00000000000000        0.0000000000000000     
          23   230.00000000000000        0.0000000000000000     
          24   240.00000000000000        0.0000000000000000     
          25   250.00000000000000        0.0000000000000000     
          26   260.00000000000000        0.0000000000000000     
          27   270.00000000000000        0.0000000000000000     
          28   280.00000000000000        1.7480504044607315E-002
          29   290.00000000000000        0.0000000000000000     
          30   300.00000000000000        0.0000000000000000     
          31   310.00000000000000        0.0000000000000000     
          32   320.00000000000000        0.0000000000000000     
          33   330.00000000000000        0.0000000000000000     
          34   340.00000000000000        0.0000000000000000     
          35   350.00000000000000        0.0000000000000000     
          36   360.00000000000000        0.0000000000000000     
          37   370.00000000000000        0.0000000000000000     
          38   380.00000000000000        0.0000000000000000     
          39   390.00000000000000        0.0000000000000000     
          40   400.00000000000000        0.0000000000000000     
          41   410.00000000000000        0.0000000000000000     
          42   420.00000000000000        0.0000000000000000     
          43   430.00000000000000        0.0000000000000000     
          44   440.00000000000000        0.0000000000000000     
          45   450.00000000000000        0.0000000000000000     
          46   460.00000000000000        0.0000000000000000     
          47   470.00000000000000        0.0000000000000000     
          48   480.00000000000000        0.0000000000000000     
          49   490.00000000000000        0.0000000000000000     
          50   500.00000000000000        0.0000000000000000     
          51   510.00000000000000        0.0000000000000000     
          52   520.00000000000000        0.0000000000000000     
          53   530.00000000000000        0.0000000000000000     
          54   540.00000000000000        4.1489294715108715E-004
