           0   0.0000000000000000        3.8177315280153931E-002
           1   10.000000000000000        6.0450199173950316E-002
           2   20.000000000000000        6.7790071393163162E-002
           3   30.000000000000000        6.9519057236318252E-002
           4   40.000000000000000        6.8286948395973643E-002
           5   50.000000000000000        6.5388543014734277E-002
           6   60.000000000000000        6.1565057889546942E-002
           7   70.000000000000000        5.7272962646558769E-002
           8   80.000000000000000        5.2803294058386401E-002
           9   90.000000000000000        4.8343774632000215E-002
          10   100.00000000000000        4.4014644909411503E-002
          11   110.00000000000000        3.9890823433872152E-002
          12   120.00000000000000        3.6016295571942275E-002
          13   130.00000000000000        3.2413785118845510E-002
          14   140.00000000000000        2.9091416576177115E-002
          15   150.00000000000000        2.6047383332786927E-002
          16   160.00000000000000        2.3273255367178908E-002
          17   170.00000000000000        2.0756337739043465E-002
          18   180.00000000000000        1.8481355418223600E-002
          19   190.00000000000000        1.6431653873552159E-002
          20   200.00000000000000        1.4590048374312378E-002
          21   210.00000000000000        1.2939416899424058E-002
          22   220.00000000000000        1.1463105299729409E-002
          23   230.00000000000000        1.0145194897447325E-002
          24   240.00000000000000        8.9706695094649552E-003
          25   250.00000000000000        7.9255093173704293E-003
          26   260.00000000000000        6.9967319978919999E-003
          27   270.00000000000000        6.1723963426566913E-003
          28   280.00000000000000        5.4415797322969551E-003
          29   290.00000000000000        4.7943379335334225E-003
          30   300.00000000000000        4.2216535071396763E-003
          31   310.00000000000000        3.7153774678507245E-003
          32   320.00000000000000        3.2681675914652646E-003
          33   330.00000000000000        2.8734258215705431E-003
          34   340.00000000000000        2.5252365154610945E-003
          35   350.00000000000000        2.2183067311155021E-003
          36   360.00000000000000        1.9479093531321616E-003
          37   370.00000000000000        1.7098295538425256E-003
          38   380.00000000000000        1.5003148623931690E-003
          39   390.00000000000000        1.3160289510243191E-003
          40   400.00000000000000        1.1540091299103415E-003
          41   410.00000000000000        1.0116274588856766E-003
          42   420.00000000000000        8.8655532774027787E-004
          43   430.00000000000000        7.7673132005032317E-004
          44   440.00000000000000        6.8033215369856642E-004
          45   450.00000000000000        5.9574648047491905E-004
          46   460.00000000000000        5.2155132445440809E-004
          47   470.00000000000000        4.5649094194522005E-004
          48   480.00000000000000        3.9945789293647593E-004
          49   490.00000000000000        3.4947612382575546E-004
          50   500.00000000000000        3.0568587276544085E-004
          51   510.00000000000000        2.6733022148386622E-004
          52   520.00000000000000        2.3374313035506056E-004
          53   530.00000000000000        2.0433880640442138E-004
          54   540.00000000000000        1.7860226655899437E-004
          55   550.00000000000000        1.5608097057948889E-004
          56   560.00000000000000        1.3637740961644279E-004
          57   570.00000000000000        1.1914254713425474E-004
          58   580.00000000000000        1.0407001900264070E-004
