           0   0.0000000000000000       0.99627194870787084        3510.7167474866601        1.0000000000000000        1.0000000000000000        3510.7167474866601     
           1   10.000000000000000        0.0000000000000000        6419.0897284053281        0.0000000000000000        0.0000000000000000        6419.0897284053281     
           2   20.000000000000000        0.0000000000000000        8312.4128569975674        0.0000000000000000        0.0000000000000000        8312.4128569975674     
           3   30.000000000000000        0.0000000000000000        9843.5146470037253        0.0000000000000000        0.0000000000000000        9843.5146470037253     
           4   40.000000000000000        0.0000000000000000        11165.272505742389        0.0000000000000000        0.0000000000000000        11165.272505742389     
           5   50.000000000000000        0.0000000000000000        12345.781491078502        0.0000000000000000        0.0000000000000000        12345.781491078502     
           6   60.000000000000000        0.0000000000000000        13422.596085360536        0.0000000000000000        0.0000000000000000        13422.596085360536     
           7   70.000000000000000        0.0000000000000000        14419.067745061198        0.0000000000000000        0.0000000000000000        14419.067745061198     
           8   80.000000000000000        0.0000000000000000        15350.900375003897        0.0000000000000000        0.0000000000000000        15350.900375003897     
           9   90.000000000000000        0.0000000000000000        16229.259235420745        0.0000000000000000        0.0000000000000000        16229.259235420745     
          10   100.00000000000000        0.0000000000000000        17062.420745370895        0.0000000000000000        0.0000000000000000        17062.420745370895     
          11   110.00000000000000        0.0000000000000000        17856.722500185002        0.0000000000000000        0.0000000000000000        17856.722500185002     
          12   120.00000000000000        0.0000000000000000        18617.145543896651        0.0000000000000000        0.0000000000000000        18617.145543896651     
          13   130.00000000000000        0.0000000000000000        19347.689308449102        0.0000000000000000        0.0000000000000000        19347.689308449102     
          14   140.00000000000000        0.0000000000000000        20051.622928547295        0.0000000000000000        0.0000000000000000        20051.622928547295     
          15   150.00000000000000        0.0000000000000000        20731.659395136754        0.0000000000000000        0.0000000000000000        20731.659395136754     
          16   160.00000000000000        0.0000000000000000        21390.079676564317        0.0000000000000000        0.0000000000000000        21390.079676564317     
          17   170.00000000000000        0.0000000000000000        22028.823333373177        0.0000000000000000        0.0000000000000000        22028.823333373177     
          18   180.00000000000000        0.0000000000000000        22649.556063029042        0.0000000000000000        0.0000000000000000        22649.556063029042     
          19   190.00000000000000        0.0000000000000000        23253.720972972573        0.0000000000000000        0.0000000000000000        23253.720972972573     
          20   200.00000000000000        0.0000000000000000        23842.578131957038        0.0000000000000000        0.0000000000000000        23842.578131957038     
          21   210.00000000000000        0.0000000000000000        24417.235518082103        0.0000000000000000        0.0000000000000000        24417.235518082103     
          22   220.00000000000000        0.0000000000000000        24978.673546299222        0.0000000000000000        0.0000000000000000        24978.673546299222     
          23   230.00000000000000        0.0000000000000000        25527.764732289652        0.0000000000000000        0.0000000000000000        25527.764732289652     
          24   240.00000000000000        0.0000000000000000        26065.289622119046        0.0000000000000000        0.0000000000000000        26065.289622119046     
          25   250.00000000000000        0.0000000000000000        26591.949819585949        0.0000000000000000        0.0000000000000000        26591.949819585949     
          26   260.00000000000000        0.0000000000000000        27108.378732599493        0.0000000000000000        0.0000000000000000        27108.378732599493     
          27   270.00000000000000        0.0000000000000000        27615.150508579798        0.0000000000000000        0.0000000000000000        27615.150508579798     
          28   280.00000000000000        0.0000000000000000        28112.787518505473        0.0000000000000000        0.0000000000000000        28112.787518505473     
          29   290.00000000000000        0.0000000000000000        28601.766667780234        0.0000000000000000        0.0000000000000000        28601.766667780234     
          30   300.00000000000000        0.0000000000000000        29082.524751165765        0.0000000000000000        0.0000000000000000        29082.524751165765     
          31   310.00000000000000        0.0000000000000000        29555.463023038115        0.0000000000000000        0.0000000000000000        29555.463023038115     
          32   320.00000000000000        0.0000000000000000        30020.951119095203        0.0000000000000000        0.0000000000000000        30020.951119095203     
          33   330.00000000000000        0.0000000000000000        30479.330438581645        0.0000000000000000        0.0000000000000000        30479.330438581645     
          34   340.00000000000000        0.0000000000000000        30930.917075063218        0.0000000000000000        0.0000000000000000        30930.917075063218     
          35   350.00000000000000        0.0000000000000000        31376.004367291112        0.0000000000000000        0.0000000000000000        31376.004367291112     
          36   360.00000000000000        0.0000000000000000        31814.865128666279        0.0000000000000000        0.0000000000000000        31814.865128666279     
          37   370.00000000000000       0.99627194870787106        39269.187098438008        2.0000000000000000        0.0000000000000000        32247.753603464691     
          38   380.00000000000000        0.0000000000000000        45513.086646480442        0.0000000000000000        0.0000000000000000        32674.907189669786     
          39   390.00000000000000        0.0000000000000000        49721.373675560331        0.0000000000000000        0.0000000000000000        33096.547961565200     
          40   400.00000000000000        0.0000000000000000        53199.913313846329        0.0000000000000000        0.0000000000000000        33512.884019838879     
          41   410.00000000000000        0.0000000000000000        56254.655703953948        0.0000000000000000        0.0000000000000000        33924.110692469170     
          42   420.00000000000000        0.0000000000000000        59021.974588257857        0.0000000000000000        0.0000000000000000        34330.411606100854     
          43   430.00000000000000        0.0000000000000000        61577.151815279329        0.0000000000000000        0.0000000000000000        34731.959644558257     
          44   440.00000000000000        0.0000000000000000        63967.053298834508        0.0000000000000000        0.0000000000000000        35128.917808712111     
          45   450.00000000000000        0.0000000000000000        66223.240739828616        0.0000000000000000        0.0000000000000000        35521.439989820821     
          46   460.00000000000000        0.0000000000000000        68368.190137616388        0.0000000000000000        0.0000000000000000        35909.671666774899     
          47   470.00000000000000        0.0000000000000000        70418.592026913975        0.0000000000000000        0.0000000000000000        36293.750536172185     
          48   480.00000000000000        0.0000000000000000        72387.252083362284        0.0000000000000000        0.0000000000000000        36673.807082992280     
          49   490.00000000000000        0.0000000000000000        74284.256186368060        0.0000000000000000        0.0000000000000000        37049.965098574758     
          50   500.00000000000000        0.0000000000000000        76117.720768598258        0.0000000000000000        0.0000000000000000        37422.342151700053     
          51   510.00000000000000        0.0000000000000000        77894.295875000709        0.0000000000000000        0.0000000000000000        37791.050017906120     
          52   520.00000000000000        0.0000000000000000        79619.513861708343        0.0000000000000000        0.0000000000000000        38156.195071434835     
          53   530.00000000000000        0.0000000000000000        81298.037996871164        0.0000000000000000        0.0000000000000000        38517.878643742530     
          54   540.00000000000000        0.0000000000000000        82933.844018722884        0.0000000000000000        0.0000000000000000        38876.197351976531     
          55   550.00000000000000        0.0000000000000000        84530.355526497005        0.0000000000000000        0.0000000000000000        39231.243400438922     
          56   560.00000000000000        0.0000000000000000        86090.546803668607        0.0000000000000000        0.0000000000000000        39583.104857723461     
          57   570.00000000000000        0.0000000000000000        87617.022175757797        0.0000000000000000        0.0000000000000000        39931.865911843721     
          58   580.00000000000000        0.0000000000000000        89112.078141666832        0.0000000000000000        0.0000000000000000        40277.607105502626     
          59   590.00000000000000        0.0000000000000000        90577.752645906992        0.0000000000000000        0.0000000000000000        40620.405553308548     
          60   600.00000000000000        0.0000000000000000        92015.864607225987        0.0000000000000000        0.0000000000000000        40960.335142646683     
          61   610.00000000000000        0.0000000000000000        93428.045963890851        0.0000000000000000        0.0000000000000000        41297.466719652759     
          62   620.00000000000000        0.0000000000000000        94815.767900813953        0.0000000000000000        0.0000000000000000        41631.868261642056     
          63   630.00000000000000        0.0000000000000000        96180.362502351520        0.0000000000000000        0.0000000000000000        41963.605037152534     
          64   640.00000000000000        0.0000000000000000        97523.040771866217        0.0000000000000000        0.0000000000000000        42292.739754706621     
          65   650.00000000000000        0.0000000000000000        98844.907738232287        0.0000000000000000        0.0000000000000000        42619.332701221341     
          66   660.00000000000000        0.0000000000000000        100146.97520649270        0.0000000000000000        0.0000000000000000        42943.441870932234     
          67   670.00000000000000        0.0000000000000000        101430.17258798587        0.0000000000000000        0.0000000000000000        43265.123085654341     
          68   680.00000000000000        0.0000000000000000        102695.35615308955        0.0000000000000000        0.0000000000000000        43584.430107013322     
          69   690.00000000000000        0.0000000000000000        103943.31697956077        0.0000000000000000        0.0000000000000000        43901.414741370361     
          70   700.00000000000000        0.0000000000000000        105174.78781509702        0.0000000000000000        0.0000000000000000        44216.126937933732     
          71   710.00000000000000        0.0000000000000000        106390.44903079444        0.0000000000000000        0.0000000000000000        44528.614880667999     
          72   720.00000000000000        0.0000000000000000        107590.93380898726        0.0000000000000000        0.0000000000000000        44838.925074405037     
          73   730.00000000000000       0.99627194870787039        115798.26617796169        2.0000000000000000        0.0000000000000000        45147.102425655816     
          74   740.00000000000000       0.99627194870787084        126297.59372969007        1.0000000000000000        0.0000000000000000        45453.190318463370     
          75   750.00000000000000        0.0000000000000000        134150.96050744815        0.0000000000000000        0.0000000000000000        45757.230685708113     
          76   760.00000000000000        0.0000000000000000        140251.80215030687        0.0000000000000000        0.0000000000000000        46059.264076171443     
          77   770.00000000000000        0.0000000000000000        145559.15741582052        0.0000000000000000        0.0000000000000000        46359.329717654269     
          78   780.00000000000000        0.0000000000000000        150362.52244930342        0.0000000000000000        0.0000000000000000        46657.465576465707     
          79   790.00000000000000        0.0000000000000000        154805.50528749044        0.0000000000000000        0.0000000000000000        46953.708413489163     
          80   800.00000000000000        0.0000000000000000        158972.74470169161        0.0000000000000000        0.0000000000000000        47248.093837092165     
          81   810.00000000000000        0.0000000000000000        162919.36046558642        0.0000000000000000        0.0000000000000000        47540.656353093218     
          82   820.00000000000000        0.0000000000000000        166683.72823745664        0.0000000000000000        0.0000000000000000        47831.429411969613     
          83   830.00000000000000        0.0000000000000000        170293.88951321365        0.0000000000000000        0.0000000000000000        48120.445453501306     
          84   840.00000000000000        0.0000000000000000        173771.10276710143        0.0000000000000000        0.0000000000000000        48407.735949016176     
          85   850.00000000000000        0.0000000000000000        177131.95919534529        0.0000000000000000        0.0000000000000000        48693.331441382412     
          86   860.00000000000000        0.0000000000000000        180389.71594086610        0.0000000000000000        0.0000000000000000        48977.261582921725     
          87   870.00000000000000        0.0000000000000000        183555.17464028031        0.0000000000000000        0.0000000000000000        49259.555171336513     
          88   880.00000000000000        0.0000000000000000        186637.28193843723        0.0000000000000000        0.0000000000000000        49540.240183804184     
          89   890.00000000000000        0.0000000000000000        189643.55270047148        0.0000000000000000        0.0000000000000000        49819.343809336424     
          90   900.00000000000000       0.99627194870787139        196091.09285779990        1.0000000000000000        0.0000000000000000        50096.892479517497     
          91   910.00000000000000        0.0000000000000000        201872.33178952531        0.0000000000000000        0.0000000000000000        50372.911897735670     
          92   920.00000000000000        0.0000000000000000        206579.32473379088        0.0000000000000000        0.0000000000000000        50647.427066941280     
          93   930.00000000000000        0.0000000000000000        210869.06391543313        0.0000000000000000        0.0000000000000000        50920.462316095829     
          94   940.00000000000000        0.0000000000000000        214898.09482288786        0.0000000000000000        0.0000000000000000        51192.041325336788     
          95   950.00000000000000        0.0000000000000000        218737.76546270761        0.0000000000000000        0.0000000000000000        51462.187149943318     
          96   960.00000000000000        0.0000000000000000        222428.53244603219        0.0000000000000000        0.0000000000000000        51730.922243176028     
          97   970.00000000000000        0.0000000000000000        225996.35048495082        0.0000000000000000        0.0000000000000000        51998.268478068523     
          98   980.00000000000000        0.0000000000000000        229459.27024379952        0.0000000000000000        0.0000000000000000        52264.247168199159     
          99   990.00000000000000        0.0000000000000000        232830.58213099843        0.0000000000000000        0.0000000000000000        52528.879087508656     
         100   1000.0000000000000        0.0000000000000000        236120.49505870341        0.0000000000000000        0.0000000000000000        52792.184489268344     
         101   1010.0000000000000        0.0000000000000000        239337.11067932285        0.0000000000000000        0.0000000000000000        53054.183124133851     
         102   1020.0000000000000       0.99627194870787050        249508.45955283791        2.0000000000000000        0.0000000000000000        53314.894257459324     
         103   1030.0000000000000        0.0000000000000000        258413.90536306205        0.0000000000000000        0.0000000000000000        53574.336685826071     
         104   1040.0000000000000        0.0000000000000000        265232.67436393694        0.0000000000000000        0.0000000000000000        53832.528752843849     
         105   1050.0000000000000        0.0000000000000000        271274.40252870752        0.0000000000000000        0.0000000000000000        54089.488364308141     
         106   1060.0000000000000        0.0000000000000000        276848.29916972865        0.0000000000000000        0.0000000000000000        54345.233002680354     
         107   1070.0000000000000        0.0000000000000000        282093.58452106931        0.0000000000000000        0.0000000000000000        54599.779740963597     
         108   1080.0000000000000        0.0000000000000000        287088.04906074889        0.0000000000000000        0.0000000000000000        54853.145256017335     
         109   1090.0000000000000       0.99627194870787106        298902.22057280131        2.0000000000000000        0.0000000000000000        55105.345841299277     
         110   1100.0000000000000        0.0000000000000000        309343.53294476942        0.0000000000000000        0.0000000000000000        55356.397419086657     
         111   1110.0000000000000       0.99627194870787061        324632.27736985823        2.0000000000000000        0.0000000000000000        55606.315552235115     
         112   1120.0000000000000        0.0000000000000000        337866.30372747203        0.0000000000000000        0.0000000000000000        55855.115455396473     
         113   1130.0000000000000        0.0000000000000000        348540.23661758611        0.0000000000000000        0.0000000000000000        56102.812005860731     
         114   1140.0000000000000        0.0000000000000000        358107.35758008657        0.0000000000000000        0.0000000000000000        56349.419753924012     
         115   1150.0000000000000        0.0000000000000000        366957.88360915484        0.0000000000000000        0.0000000000000000        56594.952932862565     
         116   1160.0000000000000        0.0000000000000000        375282.49625269778        0.0000000000000000        0.0000000000000000        56839.425468528643     
         117   1170.0000000000000        0.0000000000000000        383194.29614429350        0.0000000000000000        0.0000000000000000        57082.850988544524     
         118   1180.0000000000000        0.0000000000000000        390767.95415834407        0.0000000000000000        0.0000000000000000        57325.242831205949     
         119   1190.0000000000000        0.0000000000000000        398056.31177654880        0.0000000000000000        0.0000000000000000        57566.614053962752     
         120   1200.0000000000000        0.0000000000000000        405098.64143623319        0.0000000000000000        0.0000000000000000        57806.977441675961     
         121   1210.0000000000000        0.0000000000000000        411925.21966218844        0.0000000000000000        0.0000000000000000        58046.345514480956     
         122   1220.0000000000000        0.0000000000000000        418560.06169860007        0.0000000000000000        0.0000000000000000        58284.730535415933     
         123   1230.0000000000000        0.0000000000000000        425022.65550520533        0.0000000000000000        0.0000000000000000        58522.144517753273     
         124   1240.0000000000000        0.0000000000000000        431329.11333708325        0.0000000000000000        0.0000000000000000        58758.599232064560     
         125   1250.0000000000000        0.0000000000000000        437492.96578350075        0.0000000000000000        0.0000000000000000        58994.106213022955     
         126   1260.0000000000000        0.0000000000000000        443525.72657348227        0.0000000000000000        0.0000000000000000        59228.676765965298     
         127   1270.0000000000000       0.99627194870787117        456458.73849677935        2.0000000000000000        0.0000000000000000        59462.321973252110     
         128   1280.0000000000000        0.0000000000000000        468074.49337303551        0.0000000000000000        0.0000000000000000        59695.052700338885     
         129   1290.0000000000000        0.0000000000000000        477555.12993416726        0.0000000000000000        0.0000000000000000        59926.879601706751     
         130   1300.0000000000000        0.0000000000000000        486212.97577310062        0.0000000000000000        0.0000000000000000        60157.813126531430     
         131   1310.0000000000000        0.0000000000000000        494359.71869373403        0.0000000000000000        0.0000000000000000        60387.863524184562     
         132   1320.0000000000000        0.0000000000000000        502136.85795289266        0.0000000000000000        0.0000000000000000        60617.040849553421     
         133   1330.0000000000000        0.0000000000000000        509624.27949129901        0.0000000000000000        0.0000000000000000        60845.354968152940     
         134   1340.0000000000000        0.0000000000000000        516873.00573995686        0.0000000000000000        0.0000000000000000        61072.815561091527     
         135   1350.0000000000000       0.99627194870787072        527429.08478310611        1.0000000000000000        0.0000000000000000        61299.432129855268     
         136   1360.0000000000000        0.0000000000000000        537205.36518438440        0.0000000000000000        0.0000000000000000        61525.214000940323     
         137   1370.0000000000000        0.0000000000000000        545808.96997614810        0.0000000000000000        0.0000000000000000        61750.170330341905     
         138   1380.0000000000000        0.0000000000000000        553908.41285370663        0.0000000000000000        0.0000000000000000        61974.310107870959     
         139   1390.0000000000000       0.99627194870787139        575712.17454768601        4.0000000000000000        0.0000000000000000        62197.642161352560     
         140   1400.0000000000000        0.0000000000000000        594846.67150885763        0.0000000000000000        0.0000000000000000        62420.175160690211     
         141   1410.0000000000000       0.99627194870787050        616728.98297412891        2.0000000000000000        0.0000000000000000        62641.917621782981     
         142   1420.0000000000000        0.0000000000000000        635775.28884321370        0.0000000000000000        0.0000000000000000        62862.877910330892     
         143   1430.0000000000000        0.0000000000000000        651794.01075021829        0.0000000000000000        0.0000000000000000        63083.064245524816     
         144   1440.0000000000000       0.99627194870787039        673401.58571618388        2.0000000000000000        0.0000000000000000        63302.484703601338     
         145   1450.0000000000000        0.0000000000000000        692841.27154100384        0.0000000000000000        0.0000000000000000        63521.147221310064     
         146   1460.0000000000000        0.0000000000000000        709528.16174675862        0.0000000000000000        0.0000000000000000        63739.059599257074     
         147   1470.0000000000000        0.0000000000000000        724914.92270663008        0.0000000000000000        0.0000000000000000        63956.229505161755     
         148   1480.0000000000000       0.99627194870787006        746427.81212332286        2.0000000000000000        0.0000000000000000        64172.664476984181     
         149   1490.0000000000000       0.99627194870787117        769558.76365861343        1.0000000000000000        0.0000000000000000        64388.371926007792     
         150   1500.0000000000000        0.0000000000000000        789497.87822409079        0.0000000000000000        0.0000000000000000        64603.359139770269     
         151   1510.0000000000000        0.0000000000000000        807226.38206032896        0.0000000000000000        0.0000000000000000        64817.633284955285     
         152   1520.0000000000000        0.0000000000000000        823767.46853366424        0.0000000000000000        0.0000000000000000        65031.201410190202     
         153   1530.0000000000000        0.0000000000000000        839459.63166497508        0.0000000000000000        0.0000000000000000        65244.070448702201     
         154   1540.0000000000000        0.0000000000000000        854485.13824783626        0.0000000000000000        0.0000000000000000        65456.247221015394     
         155   1550.0000000000000        0.0000000000000000        868959.90252474800        0.0000000000000000        0.0000000000000000        65667.738437450491     
         156   1560.0000000000000        0.0000000000000000        882964.85731464403        0.0000000000000000        0.0000000000000000        65878.550700603984     
         157   1570.0000000000000        0.0000000000000000        896560.03424535389        0.0000000000000000        0.0000000000000000        66088.690507782623     
         158   1580.0000000000000        0.0000000000000000        909791.89312627167        0.0000000000000000        0.0000000000000000        66298.164253314957     
         159   1590.0000000000000        0.0000000000000000        922697.53999353037        0.0000000000000000        0.0000000000000000        66506.978230820037     
         160   1600.0000000000000        0.0000000000000000        935307.33863457164        0.0000000000000000        0.0000000000000000        66715.138635439798     
         161   1610.0000000000000        0.0000000000000000        947646.62016195082        0.0000000000000000        0.0000000000000000        66922.651565943845     
         162   1620.0000000000000        0.0000000000000000        959736.85243846569        0.0000000000000000        0.0000000000000000        67129.523026860319     
         163   1630.0000000000000        0.0000000000000000        971596.46896423178        0.0000000000000000        0.0000000000000000        67335.758930467069     
         164   1640.0000000000000       0.99627194870787017        990262.90737515502        2.0000000000000000        0.0000000000000000        67541.365098766051     
         165   1650.0000000000000       0.99627194870787061        1011034.7907660553        1.0000000000000000        0.0000000000000000        67746.347265432589     
         166   1660.0000000000000        0.0000000000000000        1028986.0428044288        0.0000000000000000        0.0000000000000000        67950.711077642627     
         167   1670.0000000000000        0.0000000000000000        1045020.6486868459        0.0000000000000000        0.0000000000000000        68154.462097912095     
         168   1680.0000000000000        0.0000000000000000        1060107.0763794936        0.0000000000000000        0.0000000000000000        68357.605805852450     
         169   1690.0000000000000        0.0000000000000000        1074543.2986405231        0.0000000000000000        0.0000000000000000        68560.147599892691     
         170   1700.0000000000000        0.0000000000000000        1088480.5833534221        0.0000000000000000        0.0000000000000000        68762.092798962258     
         171   1710.0000000000000       0.99627194870787017        1109031.9570484578        2.0000000000000000        0.0000000000000000        68963.446644099429     
         172   1720.0000000000000        0.0000000000000000        1128032.7590533665        0.0000000000000000        0.0000000000000000        69164.214300064370     
         173   1730.0000000000000        0.0000000000000000        1144701.7563906775        0.0000000000000000        0.0000000000000000        69364.400856861845     
         174   1740.0000000000000        0.0000000000000000        1160377.9784915836        0.0000000000000000        0.0000000000000000        69564.011331265792     
         175   1750.0000000000000       0.99627194870787095        1189436.2184606630        4.0000000000000000        0.0000000000000000        69763.050668274052     
         176   1760.0000000000000       0.99627194870787072        1222602.9902885300        2.0000000000000000        0.0000000000000000        69961.523742542602     
         177   1770.0000000000000       0.99627194870787072        1264136.7912343149        4.0000000000000000        0.0000000000000000        70159.435359771363     
         178   1780.0000000000000        0.0000000000000000        1299432.6978983963        0.0000000000000000        0.0000000000000000        70356.790258076973     
         179   1790.0000000000000        0.0000000000000000        1328801.0517900728        0.0000000000000000        0.0000000000000000        70553.593109305948     
         180   1800.0000000000000       0.99627194870787128        1365996.7008867441        3.0000000000000000        0.0000000000000000        70749.848520306870     
         181   1810.0000000000000        0.0000000000000000        1399604.5078476798        0.0000000000000000        0.0000000000000000        70945.561034252867     
         182   1820.0000000000000        0.0000000000000000        1428848.4002811278        0.0000000000000000        0.0000000000000000        71140.735131775960     
         183   1830.0000000000000        0.0000000000000000        1455964.1282658610        0.0000000000000000        0.0000000000000000        71335.375232230872     
         184   1840.0000000000000       0.99627194870787039        1488616.0339736238        2.0000000000000000        0.0000000000000000        71529.485694855452     
         185   1850.0000000000000        0.0000000000000000        1518913.2273584623        0.0000000000000000        0.0000000000000000        71723.070819884539     
         186   1860.0000000000000        0.0000000000000000        1546240.5513647930        0.0000000000000000        0.0000000000000000        71916.134849671274     
         187   1870.0000000000000       0.99627194870786984        1579070.5403989207        2.0000000000000000        0.0000000000000000        72108.681969787925     
         188   1880.0000000000000        0.0000000000000000        1609589.8348232317        0.0000000000000000        0.0000000000000000        72300.716310072690     
         189   1890.0000000000000        0.0000000000000000        1637191.3792221427        0.0000000000000000        0.0000000000000000        72492.241945642978     
         190   1900.0000000000000        0.0000000000000000        1663321.0602157558        0.0000000000000000        0.0000000000000000        72683.262897944078     
         191   1910.0000000000000        0.0000000000000000        1688384.2256200286        0.0000000000000000        0.0000000000000000        72873.783135717735     
         192   1920.0000000000000       0.99627194870787072        1719613.7132804382        2.0000000000000000        0.0000000000000000        73063.806575935334     
         193   1930.0000000000000        0.0000000000000000        1748917.7126057425        0.0000000000000000        0.0000000000000000        73253.337084800005     
         194   1940.0000000000000        0.0000000000000000        1775565.5213485493        0.0000000000000000        0.0000000000000000        73442.378478590399     
         195   1950.0000000000000        0.0000000000000000        1800934.0219405475        0.0000000000000000        0.0000000000000000        73630.934524612501     
         196   1960.0000000000000        0.0000000000000000        1825384.9160774515        0.0000000000000000        0.0000000000000000        73819.008942078799     
         197   1970.0000000000000        0.0000000000000000        1849099.7383731178        0.0000000000000000        0.0000000000000000        74006.605402896181     
         198   1980.0000000000000        0.0000000000000000        1872191.2278848544        0.0000000000000000        0.0000000000000000        74193.727532576770     
         199   1990.0000000000000        0.0000000000000000        1894737.8977793150        0.0000000000000000        0.0000000000000000        74380.378911046311     
         200   2000.0000000000000        0.0000000000000000        1916798.4487582291        0.0000000000000000        0.0000000000000000        74566.563073381782     
         201   2010.0000000000000       0.99627194870787017        1945440.3498645034        2.0000000000000000        0.0000000000000000        74752.283510668203     
         202   2020.0000000000000        0.0000000000000000        1972474.8338801446        0.0000000000000000        0.0000000000000000        74937.543670719489     
         203   2030.0000000000000       0.99627194870787106        2004129.0101463599        2.0000000000000000        0.0000000000000000        75122.346958830953     
         204   2040.0000000000000       0.99627194870787006        2044040.9492661704        3.0000000000000000        0.0000000000000000        75306.696738529950     
         205   2050.0000000000000        0.0000000000000000        2079374.5549312283        0.0000000000000000        0.0000000000000000        75490.596332244575     
         206   2060.0000000000000        0.0000000000000000        2110353.4081822527        0.0000000000000000        0.0000000000000000        75674.049022076651     
         207   2070.0000000000000       0.99627194870787050        2146355.8028258681        2.0000000000000000        0.0000000000000000        75857.058050397784     
         208   2080.0000000000000       0.99627194870787084        2183323.4422503808        1.0000000000000000        0.0000000000000000        76039.626620579511     
         209   2090.0000000000000        0.0000000000000000        2216642.6266326043        0.0000000000000000        0.0000000000000000        76221.757897643372     
         210   2100.0000000000000        0.0000000000000000        2247400.6116416240        0.0000000000000000        0.0000000000000000        76403.455008853227     
         211   2110.0000000000000       0.99627194870787039        2290728.3053276227        4.0000000000000000        0.0000000000000000        76584.721044402570     
         212   2120.0000000000000        0.0000000000000000        2330555.0881661717        0.0000000000000000        0.0000000000000000        76765.559057990089     
         213   2130.0000000000000       0.99627194870787095        2386507.2144677471        6.0000000000000000        0.0000000000000000        76945.972067443654     
         214   2140.0000000000000       0.99627194870787039        2443677.6271415553        2.0000000000000000        0.0000000000000000        77125.963055256754     
         215   2150.0000000000000       0.99627194870787050        2506116.7403813959        4.0000000000000000        0.0000000000000000        77305.534969249740     
         216   2160.0000000000000        0.0000000000000000        2560810.1778485775        0.0000000000000000        0.0000000000000000        77484.690723057836     
         217   2170.0000000000000       0.99627194870787050        2615559.4953815257        2.0000000000000000        0.0000000000000000        77663.433196706697     
         218   2180.0000000000000        0.0000000000000000        2665604.1940284129        0.0000000000000000        0.0000000000000000        77841.765237169340     
         219   2190.0000000000000        0.0000000000000000        2711193.1190518532        0.0000000000000000        0.0000000000000000        78019.689658878371     
         220   2200.0000000000000        0.0000000000000000        2754196.4697323032        0.0000000000000000        0.0000000000000000        78197.209244230762     
         221   2210.0000000000000       0.99627194870787117        2805803.9523998196        3.0000000000000000        0.0000000000000000        78374.326744142920     
         222   2220.0000000000000        0.0000000000000000        2854053.5491349408        0.0000000000000000        0.0000000000000000        78551.044878499582     
         223   2230.0000000000000        0.0000000000000000        2897957.7964349980        0.0000000000000000        0.0000000000000000        78727.366336638108     
         224   2240.0000000000000       0.99627194870786995        2950187.6362096048        3.0000000000000000        0.0000000000000000        78903.293777894229     
         225   2250.0000000000000       0.99627194870787095        3002509.7239736347        1.0000000000000000        0.0000000000000000        79078.829831982031     
         226   2260.0000000000000        0.0000000000000000        3049884.2935554474        0.0000000000000000        0.0000000000000000        79253.977099500597     
         227   2270.0000000000000        0.0000000000000000        3094056.1978615634        0.0000000000000000        0.0000000000000000        79428.738152410835     
         228   2280.0000000000000        0.0000000000000000        3136278.1633108216        0.0000000000000000        0.0000000000000000        79603.115534378216     
         229   2290.0000000000000       0.99627194870787050        3191057.0465705795        4.0000000000000000        0.0000000000000000        79777.111761327833     
         230   2300.0000000000000        0.0000000000000000        3242205.6622385154        0.0000000000000000        0.0000000000000000        79950.729321772233     
         231   2310.0000000000000       0.99627194870786984        3295270.8063567141        2.0000000000000000        0.0000000000000000        80123.970677271485     
         232   2320.0000000000000        0.0000000000000000        3344765.2171176272        0.0000000000000000        0.0000000000000000        80296.838262844831     
         233   2330.0000000000000        0.0000000000000000        3390572.5624044780        0.0000000000000000        0.0000000000000000        80469.334487330168     
         234   2340.0000000000000        0.0000000000000000        3434348.4573877961        0.0000000000000000        0.0000000000000000        80641.461733819917     
         235   2350.0000000000000        0.0000000000000000        3476612.3393882322        0.0000000000000000        0.0000000000000000        80813.222360026091     
         236   2360.0000000000000       0.99627194870787095        3524668.3049146421        2.0000000000000000        0.0000000000000000        80984.618698660284     
         237   2370.0000000000000       0.99627194870787117        3577494.7393411524        2.0000000000000000        0.0000000000000000        81155.653057783842     
         238   2380.0000000000000        0.0000000000000000        3626170.4285128471        0.0000000000000000        0.0000000000000000        81326.327721204609     
         239   2390.0000000000000        0.0000000000000000        3671274.1359351939        0.0000000000000000        0.0000000000000000        81496.644948819652     
         240   2400.0000000000000       0.99627194870787095        3735559.2317702598        6.0000000000000000        0.0000000000000000        81666.606976946816     
         241   2410.0000000000000       0.99627194870787161        3805384.5735864821        3.0000000000000000        0.0000000000000000        81836.216018680483     
         242   2420.0000000000000       0.99627194870787028        3880241.4444505065        4.0000000000000000        0.0000000000000000        82005.474264249206     
         243   2430.0000000000000       0.99627194870787195        3953544.2423257497        2.0000000000000000        0.0000000000000000        82174.383881296962     
         244   2440.0000000000000        0.0000000000000000        4018408.2196959788        0.0000000000000000        0.0000000000000000        82342.947015253827     
         245   2450.0000000000000       0.99627194870787072        4084595.0618471252        2.0000000000000000        0.0000000000000000        82511.165789637715     
         246   2460.0000000000000       0.99627194870787006        4160336.5961013935        4.0000000000000000        0.0000000000000000        82679.042306343094     
         247   2470.0000000000000        0.0000000000000000        4229241.4402076034        0.0000000000000000        0.0000000000000000        82846.578645987436     
         248   2480.0000000000000        0.0000000000000000        4291461.1484128898        0.0000000000000000        0.0000000000000000        83013.776868196204     
         249   2490.0000000000000       0.99627194870787028        4364277.3223700775        4.0000000000000000        0.0000000000000000        83180.639011869207     
         250   2500.0000000000000       0.99627194870787017        4453276.0450310921        6.0000000000000000        0.0000000000000000        83347.167095527053     
         251   2510.0000000000000       0.99627194870787017        4539665.3567411555        2.0000000000000000        0.0000000000000000        83513.363117543980     
         252   2520.0000000000000       0.99627194870787106        4629724.2686984697        4.0000000000000000        0.0000000000000000        83679.229056453332     
         253   2530.0000000000000        0.0000000000000000        4710932.3605270935        0.0000000000000000        0.0000000000000000        83844.766871226951     
         254   2540.0000000000000       0.99627194870787084        4791325.6341421558        2.0000000000000000        0.0000000000000000        84009.978501537815     
         255   2550.0000000000000        0.0000000000000000        4866285.8208477106        0.0000000000000000        0.0000000000000000        84174.865868002176     
         256   2560.0000000000000       0.99627194870787017        4939670.3706820030        1.0000000000000000        0.0000000000000000        84339.430872475728     
         257   2570.0000000000000       0.99627194870787128        5023351.9068438997        4.0000000000000000        0.0000000000000000        84503.675398314372     
         258   2580.0000000000000        0.0000000000000000        5101179.6136746565        0.0000000000000000        0.0000000000000000        84667.601310569793     
         259   2590.0000000000000        0.0000000000000000        5172578.2769853333        0.0000000000000000        0.0000000000000000        84831.210456293076     
         260   2600.0000000000000        0.0000000000000000        5240600.4697040515        0.0000000000000000        0.0000000000000000        84994.504664773121     
         261   2610.0000000000000       0.99627194870787106        5320180.7852006657        4.0000000000000000        0.0000000000000000        85157.485747721046     
         262   2620.0000000000000        0.0000000000000000        5395340.6547694765        0.0000000000000000        0.0000000000000000        85320.155499577522     
         263   2630.0000000000000        0.0000000000000000        5464733.5893297596        0.0000000000000000        0.0000000000000000        85482.515697699040     
         264   2640.0000000000000       0.99627194870787061        5538208.5793841919        2.0000000000000000        0.0000000000000000        85644.568102585152     
         265   2650.0000000000000        0.0000000000000000        5608314.5370918736        0.0000000000000000        0.0000000000000000        85806.314458141103     
         266   2660.0000000000000       0.99627194870787117        5688670.2917692093        4.0000000000000000        0.0000000000000000        85967.756491813809     
         267   2670.0000000000000       0.99627194870787050        5771405.8214318193        2.0000000000000000        0.0000000000000000        86128.895914917812     
         268   2680.0000000000000       0.99627194870787050        5868194.9626706103        6.0000000000000000        0.0000000000000000        86289.734422754496     
         269   2690.0000000000000        0.0000000000000000        5956418.2697993275        0.0000000000000000        0.0000000000000000        86450.273694856092     
         270   2700.0000000000000        0.0000000000000000        6035700.0953815086        0.0000000000000000        0.0000000000000000        86610.515395211056     
         271   2710.0000000000000        0.0000000000000000        6110670.7635746943        0.0000000000000000        0.0000000000000000        86770.461172413081     
         272   2720.0000000000000        0.0000000000000000        6182639.4308670219        0.0000000000000000        0.0000000000000000        86930.112659903243     
         273   2730.0000000000000       0.99627194870787106        6273332.9585673455        6.0000000000000000        0.0000000000000000        87089.471476169303     
         274   2740.0000000000000        0.0000000000000000        6358479.0056925742        0.0000000000000000        0.0000000000000000        87248.539224887267     
         275   2750.0000000000000       0.99627194870786984        6442899.4448079588        2.0000000000000000        0.0000000000000000        87407.317495146766     
         276   2760.0000000000000       0.99627194870787117        6536529.9036795367        4.0000000000000000        0.0000000000000000        87565.807861661538     
         277   2770.0000000000000       0.99627194870787106        6644228.8999048164        6.0000000000000000        0.0000000000000000        87724.011884877458     
         278   2780.0000000000000       0.99627194870787128        6745014.8640844012        1.0000000000000000        0.0000000000000000        87881.931111207232     
         279   2790.0000000000000       0.99627194870787106        6870648.0987629108        10.000000000000000        0.0000000000000000        88039.567073216662     
         280   2800.0000000000000       0.99627194870787084        6991494.8676319653        2.0000000000000000        0.0000000000000000        88196.921289760619     
         281   2810.0000000000000       0.99627194870787128        7114838.0736252004        5.0000000000000000        0.0000000000000000        88353.995266145095     
         282   2820.0000000000000       0.99627194870786950        7247765.7750422340        6.0000000000000000        0.0000000000000000        88510.790494369343     
         283   2830.0000000000000       0.99627194870787017        7370402.0950701460        1.0000000000000000        0.0000000000000000        88667.308453194797     
         284   2840.0000000000000       0.99627194870787061        7491288.1831086278        3.0000000000000000        0.0000000000000000        88823.550608385354     
         285   2850.0000000000000       0.99627194870787084        7617158.1666008485        4.0000000000000000        0.0000000000000000        88979.518412802368     
         286   2860.0000000000000       0.99627194870786961        7746773.2340521598        4.0000000000000000        0.0000000000000000        89135.213306650519     
         287   2870.0000000000000       0.99627194870787106        7872112.2886580629        2.0000000000000000        0.0000000000000000        89290.636717505753     
         288   2880.0000000000000       0.99627194870787139        8001085.1427784404        4.0000000000000000        0.0000000000000000        89445.790060598403     
         289   2890.0000000000000       0.99627194870787039        8141366.7803004226        6.0000000000000000        0.0000000000000000        89600.674738895148     
         290   2900.0000000000000        0.0000000000000000        8269267.8399997260        0.0000000000000000        0.0000000000000000        89755.292143229395     
         291   2910.0000000000000       0.99627194870787017        8393001.9532043803        2.0000000000000000        0.0000000000000000        89909.643652517349     
         292   2920.0000000000000       0.99627194870787172        8523546.2825690303        4.0000000000000000        0.0000000000000000        90063.730633821338     
         293   2930.0000000000000       0.99627194870787028        8655776.4885706156        3.0000000000000000        0.0000000000000000        90217.554442532361     
         294   2940.0000000000000       0.99627194870787050        8788416.5112815313        3.0000000000000000        0.0000000000000000        90371.116422560066     
         295   2950.0000000000000        0.0000000000000000        8911369.7849011365        0.0000000000000000        0.0000000000000000        90524.417906332761     
         296   2960.0000000000000        0.0000000000000000        9026502.9295391720        0.0000000000000000        0.0000000000000000        90677.460215076804     
         297   2970.0000000000000        0.0000000000000000        9136879.7574269902        0.0000000000000000        0.0000000000000000        90830.244658865035     
         298   2980.0000000000000       0.99627194870787117        9257637.1244333033        4.0000000000000000        0.0000000000000000        90982.772536765784     
         299   2990.0000000000000       0.99627194870787095        9376464.1959705669        1.0000000000000000        0.0000000000000000        91135.045136999339     
         300   3000.0000000000000        0.0000000000000000        9488021.0119743198        0.0000000000000000        0.0000000000000000        91287.063737001270     
         301   3010.0000000000000        0.0000000000000000        9594815.8941351362        0.0000000000000000        0.0000000000000000        91438.829603642225     
         302   3020.0000000000000       0.99627194870787095        9719416.0809565298        6.0000000000000000        0.0000000000000000        91590.343993239105     
         303   3030.0000000000000       0.99627194870787084        9841269.9083425384        1.0000000000000000        0.0000000000000000        91741.608151782304     
         304   3040.0000000000000       0.99627194870787128        9982248.7896695286        8.0000000000000000        0.0000000000000000        91892.623314991593     
         305   3050.0000000000000       0.99627194870787061        10127257.743457476        4.0000000000000000        0.0000000000000000        92043.390708420426     
         306   3060.0000000000000       0.99627194870786995        10279375.518533023        6.0000000000000000        0.0000000000000000        92193.911547634751     
         307   3070.0000000000000        0.0000000000000000        10418214.266222006        0.0000000000000000        0.0000000000000000        92344.187038324773     
         308   3080.0000000000000       0.99627194870787050        10552575.934041928        2.0000000000000000        0.0000000000000000        92494.218376290053     
         309   3090.0000000000000       0.99627194870786995        10693636.590134932        4.0000000000000000        0.0000000000000000        92644.006747726351     
         310   3100.0000000000000       0.99627194870787061        10832840.496248446        2.0000000000000000        0.0000000000000000        92793.553329247981     
         311   3110.0000000000000       0.99627194870787106        10980078.888960203        5.0000000000000000        0.0000000000000000        92942.859287969768     
         312   3120.0000000000000       0.99627194870787084        11131497.071230631        4.0000000000000000        0.0000000000000000        93091.925781674683     
         313   3130.0000000000000       0.99627194870787017        11281566.258224428        3.0000000000000000        0.0000000000000000        93240.753958884627     
         314   3140.0000000000000       0.99627194870786995        11448597.209324511        8.0000000000000000        0.0000000000000000        93389.344958953559     
         315   3150.0000000000000       0.99627194870787072        11637493.844017627        10.000000000000000        0.0000000000000000        93537.699912212789     
         316   3160.0000000000000       0.99627194870787095        11821161.676023383        4.0000000000000000        0.0000000000000000        93685.819940034300     
         317   3170.0000000000000       0.99627194870787050        12013531.859850524        8.0000000000000000        0.0000000000000000        93833.706154920161     
         318   3180.0000000000000       0.99627194870787039        12216576.885564649        8.0000000000000000        0.0000000000000000        93981.359660644084     
         319   3190.0000000000000       0.99627194870786984        12416789.808159349        5.0000000000000000        0.0000000000000000        94128.781552314758     
         320   3200.0000000000000       0.99627194870787006        12618517.358575251        6.0000000000000000        0.0000000000000000        94275.972916480154     
         321   3210.0000000000000       0.99627194870787095        12816596.136578012        4.0000000000000000        0.0000000000000000        94422.934831202030     
         322   3220.0000000000000        0.0000000000000000        12997841.619225467        0.0000000000000000        0.0000000000000000        94569.668366186321     
         323   3230.0000000000000       0.99627194870787072        13201742.006810540        10.000000000000000        0.0000000000000000        94716.174582868814     
         324   3240.0000000000000        0.0000000000000000        13391901.876888229        0.0000000000000000        0.0000000000000000        94862.454534433782     
         325   3250.0000000000000       0.99627194870786939        13587074.311003085        6.0000000000000000        0.0000000000000000        95008.509266011417     
         326   3260.0000000000000       0.99627194870786961        13784219.050532026        4.0000000000000000        0.0000000000000000        95154.339814689010     
         327   3270.0000000000000       0.99627194870787084        13987720.504035722        6.0000000000000000        0.0000000000000000        95299.947209611535     
         328   3280.0000000000000       0.99627194870787106        14197435.928609630        6.0000000000000000        0.0000000000000000        95445.332472089678     
         329   3290.0000000000000        0.0000000000000000        14390516.113695668        0.0000000000000000        0.0000000000000000        95590.496615644544     
         330   3300.0000000000000       0.99627194870787072        14591037.905831043        6.0000000000000000        0.0000000000000000        95735.440646160394     
         331   3310.0000000000000       0.99627194870787095        14787092.529972686        2.0000000000000000        0.0000000000000000        95880.165561862290     
         332   3320.0000000000000       0.99627194870787095        14990985.281972472        6.0000000000000000        0.0000000000000000        96024.672353480011     
         333   3330.0000000000000       0.99627194870787106        15185726.663390882        1.0000000000000000        0.0000000000000000        96168.962004315108     
         334   3340.0000000000000       0.99627194870787039        15374686.696687223        2.0000000000000000        0.0000000000000000        96313.035490263253     
         335   3350.0000000000000       0.99627194870786984        15561393.414011255        2.0000000000000000        0.0000000000000000        96456.893779952079     
         336   3360.0000000000000        0.0000000000000000        15739118.139505289        0.0000000000000000        0.0000000000000000        96600.537834838033     
         337   3370.0000000000000       0.99627194870787039        15923470.350051550        4.0000000000000000        0.0000000000000000        96743.968609150499     
         338   3380.0000000000000       0.99627194870787050        16117849.520924477        5.0000000000000000        0.0000000000000000        96887.187050137669     
         339   3390.0000000000000       0.99627194870787139        16307989.267435865        2.0000000000000000        0.0000000000000000        97030.194098003209     
         340   3400.0000000000000       0.99627194870786995        16493811.922676913        2.0000000000000000        0.0000000000000000        97172.990686081350     
         341   3410.0000000000000       0.99627194870787039        16702150.631436478        9.0000000000000000        0.0000000000000000        97315.577740818262     
         342   3420.0000000000000       0.99627194870787050        16932927.189849466        10.000000000000000        0.0000000000000000        97457.956181880087     
         343   3430.0000000000000       0.99627194870786995        17178757.491983104        10.000000000000000        0.0000000000000000        97600.126922279596     
         344   3440.0000000000000       0.99627194870787028        17429275.238886025        8.0000000000000000        0.0000000000000000        97742.090868305415     
         345   3450.0000000000000       0.99627194870787072        17666450.382475562        3.0000000000000000        0.0000000000000000        97883.848919745535     
         346   3460.0000000000000        0.0000000000000000        17883706.293359637        0.0000000000000000        0.0000000000000000        98025.401969864964     
         347   3470.0000000000000       0.99627194870786995        18122979.077204335        10.000000000000000        0.0000000000000000        98166.750905457884     
         348   3480.0000000000000       0.99627194870787128        18368884.980131868        6.0000000000000000        0.0000000000000000        98307.896606966853     
         349   3490.0000000000000       0.99627194870787039        18608606.761562269        4.0000000000000000        0.0000000000000000        98448.839948538691     
         350   3500.0000000000000       0.99627194870787072        18851964.756717406        6.0000000000000000        0.0000000000000000        98589.581798028201     
         351   3510.0000000000000       0.99627194870787050        19113962.390661571        10.000000000000000        0.0000000000000000        98730.123017158359     
         352   3520.0000000000000       0.99627194870787117        19383854.060592718        8.0000000000000000        0.0000000000000000        98870.464461483061     
         353   3530.0000000000000       0.99627194870787017        19683013.295266192        15.000000000000000        0.0000000000000000        99010.606980498880     
         354   3540.0000000000000       0.99627194870787017        19969003.588797931        4.0000000000000000        0.0000000000000000        99150.551417730749     
         355   3550.0000000000000       0.99627194870787028        20265684.854967576        11.000000000000000        0.0000000000000000        99290.298610720783     
         356   3560.0000000000000       0.99627194870787117        20552657.026749764        4.0000000000000000        0.0000000000000000        99429.849391158670     
         357   3570.0000000000000       0.99627194870786973        20846896.936059527        9.0000000000000000        0.0000000000000000        99569.204584866762     
         358   3580.0000000000000       0.99627194870787028        21151099.814108424        9.0000000000000000        0.0000000000000000        99708.365011934191     
         359   3590.0000000000000       0.99627194870787017        21454914.460691936        7.0000000000000000        0.0000000000000000        99847.331486731768     
         360   3600.0000000000000       0.99627194870787139        21741102.660152253        2.0000000000000000        0.0000000000000000        99986.104817904532     
         361   3610.0000000000000       0.99627194870787139        22028279.030267894        6.0000000000000000        0.0000000000000000        100124.68580861390     
         362   3620.0000000000000       0.99627194870787184        22319522.963363022        6.0000000000000000        0.0000000000000000        100263.07525639236     
         363   3630.0000000000000       0.99627194870787050        22619794.373151693        8.0000000000000000        0.0000000000000000        100401.27395322919     
         364   3640.0000000000000       0.99627194870786995        22920563.401406832        6.0000000000000000        0.0000000000000000        100539.28268580511     
         365   3650.0000000000000       0.99627194870787028        23213906.233168606        4.0000000000000000        0.0000000000000000        100677.10223528743     
         366   3660.0000000000000       0.99627194870787061        23509337.363004431        6.0000000000000000        0.0000000000000000        100814.73337756842     
         367   3670.0000000000000       0.99627194870787061        23811499.680728484        7.0000000000000000        0.0000000000000000        100952.17688322440     
         368   3680.0000000000000       0.99627194870787061        24101073.958456784        2.0000000000000000        0.0000000000000000        101089.43351760879     
         369   3690.0000000000000       0.99627194870787161        24425472.234765913        15.000000000000000        0.0000000000000000        101226.50404086336     
         370   3700.0000000000000       0.99627194870787050        24742875.283466503        4.0000000000000000        0.0000000000000000        101363.38920803368     
         371   3710.0000000000000       0.99627194870787072        25044764.558572255        3.0000000000000000        0.0000000000000000        101500.08976902440     
         372   3720.0000000000000       0.99627194870787050        25335571.775305558        2.0000000000000000        0.0000000000000000        101636.60646871105     
         373   3730.0000000000000        0.0000000000000000        25611744.341498692        0.0000000000000000        0.0000000000000000        101772.94004699960     
         374   3740.0000000000000       0.99627194870787117        25922397.998267192        13.000000000000000        0.0000000000000000        101909.09123883396     
         375   3750.0000000000000       0.99627194870787117        26220709.823946152        1.0000000000000000        0.0000000000000000        102045.06077422202     
         376   3760.0000000000000       0.99627194870787128        26519699.450466830        6.0000000000000000        0.0000000000000000        102180.84937836230     
         377   3770.0000000000000       0.99627194870787006        26845813.514623620        12.000000000000000        0.0000000000000000        102316.45777161419     
         378   3780.0000000000000       0.99627194870787050        27168075.639193367        5.0000000000000000        0.0000000000000000        102451.88666957617     
         379   3790.0000000000000       0.99627194870787006        27526112.018793497        17.000000000000000        0.0000000000000000        102587.13678314164     
         380   3800.0000000000000       0.99627194870787028        27906798.172154441        14.000000000000000        0.0000000000000000        102722.20881847665     
         381   3810.0000000000000       0.99627194870787006        28293843.143349517        12.000000000000000        0.0000000000000000        102857.10347713158     
         382   3820.0000000000000       0.99627194870787095        28673607.973542523        8.0000000000000000        0.0000000000000000        102991.82145611569     
         383   3830.0000000000000       0.99627194870787050        29056410.232980590        10.000000000000000        0.0000000000000000        103126.36344782263     
         384   3840.0000000000000       0.99627194870787050        29448453.245965701        11.000000000000000        0.0000000000000000        103260.73014010862     
         385   3850.0000000000000       0.99627194870787072        29834232.455416765        7.0000000000000000        0.0000000000000000        103394.92221647501     
         386   3860.0000000000000       0.99627194870786984        30236039.021814737        13.000000000000000        0.0000000000000000        103528.94035588577     
         387   3870.0000000000000       0.99627194870787150        30622247.820775427        4.0000000000000000        0.0000000000000000        103662.78523293883     
         388   3880.0000000000000       0.99627194870787028        31028434.997348730        14.000000000000000        0.0000000000000000        103796.45751792192     
         389   3890.0000000000000       0.99627194870787061        31424543.009170014        5.0000000000000000        0.0000000000000000        103929.95787679777     
         390   3900.0000000000000       0.99627194870787084        31846834.551107135        16.000000000000000        0.0000000000000000        104063.28697120026     
         391   3910.0000000000000       0.99627194870786984        32288460.607687101        14.000000000000000        0.0000000000000000        104196.44545862824     
         392   3920.0000000000000       0.99627194870787150        32699322.912757643        2.0000000000000000        0.0000000000000000        104329.43399231881     
         393   3930.0000000000000       0.99627194870787039        33113832.446472131        10.000000000000000        0.0000000000000000        104462.25322134048     
         394   3940.0000000000000       0.99627194870787050        33545460.449020576        12.000000000000000        0.0000000000000000        104594.90379067510     
         395   3950.0000000000000       0.99627194870787039        34016644.061921746        20.000000000000000        0.0000000000000000        104727.38634125888     
         396   3960.0000000000000       0.99627194870787017        34463463.611326694        4.0000000000000000        0.0000000000000000        104859.70150984079     
         397   3970.0000000000000       0.99627194870787028        34910896.540238768        11.000000000000000        0.0000000000000000        104991.84992933273     
         398   3980.0000000000000       0.99627194870787072        35356894.209123857        8.0000000000000000        0.0000000000000000        105123.83222853765     
         399   3990.0000000000000       0.99627194870787161        35789312.341260813        5.0000000000000000        0.0000000000000000        105255.64903235808     
         400   4000.0000000000000       0.99627194870787095        36219386.675564095        7.0000000000000000        0.0000000000000000        105387.30096182600     
         401   4010.0000000000000       0.99627194870787072        36656777.834520474        9.0000000000000000        0.0000000000000000        105518.78863403201     
         402   4020.0000000000000       0.99627194870787072        37082232.545420505        4.0000000000000000        0.0000000000000000        105650.11266226321     
         403   4030.0000000000000       0.99627194870787028        37496927.324298851        4.0000000000000000        0.0000000000000000        105781.27365602553     
         404   4040.0000000000000       0.99627194870786961        37933507.782044999        12.000000000000000        0.0000000000000000        105912.27222098783     
         405   4050.0000000000000       0.99627194870786984        38381704.465940543        10.000000000000000        0.0000000000000000        106043.10895911977     
         406   4060.0000000000000       0.99627194870787095        38849555.861973099        14.000000000000000        0.0000000000000000        106173.78446869925     
         407   4070.0000000000000       0.99627194870787095        39348447.882282570        18.000000000000000        0.0000000000000000        106304.29934426397     
         408   4080.0000000000000       0.99627194870787161        39832801.126954682        7.0000000000000000        0.0000000000000000        106434.65417676046     
         409   4090.0000000000000        0.0000000000000000        40278802.553565562        0.0000000000000000        0.0000000000000000        106564.84955352172     
         410   4100.0000000000000       0.99627194870787139        40741416.619822405        12.000000000000000        0.0000000000000000        106694.88605825230     
         411   4110.0000000000000       0.99627194870787161        41215883.111480303        10.000000000000000        0.0000000000000000        106824.76427114010     
         412   4120.0000000000000       0.99627194870787095        41694928.112861536        10.000000000000000        0.0000000000000000        106954.48476886377     
         413   4130.0000000000000       0.99627194870787084        42178390.486020327        10.000000000000000        0.0000000000000000        107084.04812455550     
         414   4140.0000000000000       0.99627194870786995        42686989.692417122        16.000000000000000        0.0000000000000000        107213.45490792021     
         415   4150.0000000000000       0.99627194870787006        43192306.568355173        9.0000000000000000        0.0000000000000000        107342.70568526909     
         416   4160.0000000000000       0.99627194870786973        43727412.306381077        19.000000000000000        0.0000000000000000        107471.80101939663     
         417   4170.0000000000000       0.99627194870787039        44294604.321811207        20.000000000000000        0.0000000000000000        107600.74146981537     
         418   4180.0000000000000       0.99627194870787072        44849205.518105626        10.000000000000000        0.0000000000000000        107729.52759271115     
         419   4190.0000000000000       0.99627194870787106        45445801.099574953        25.000000000000000        0.0000000000000000        107858.15994082764     
         420   4200.0000000000000       0.99627194870787050        46051753.167466670        16.000000000000000        0.0000000000000000        107986.63906370103     
         421   4210.0000000000000       0.99627194870787050        46666463.748902462        18.000000000000000        0.0000000000000000        108114.96550765261     
         422   4220.0000000000000       0.99627194870787061        47293467.837217420        18.000000000000000        0.0000000000000000        108243.13981563970     
         423   4230.0000000000000       0.99627194870787039        47885805.816170968        5.0000000000000000        0.0000000000000000        108371.16252747178     
         424   4240.0000000000000       0.99627194870787117        48492848.194969952        17.000000000000000        0.0000000000000000        108499.03417982161     
         425   4250.0000000000000       0.99627194870786984        49109575.383037098        14.000000000000000        0.0000000000000000        108626.75530610979     
         426   4260.0000000000000       0.99627194870786973        49736962.925248288        16.000000000000000        0.0000000000000000        108754.32643670216     
         427   4270.0000000000000       0.99627194870787072        50343300.522819251        7.0000000000000000        0.0000000000000000        108881.74809880927     
         428   4280.0000000000000       0.99627194870787017        50981250.797000870        21.000000000000000        0.0000000000000000        109009.02081656829     
         429   4290.0000000000000       0.99627194870787128        51608687.114374325        9.0000000000000000        0.0000000000000000        109136.14511109516     
         430   4300.0000000000000       0.99627194870786984        52235503.727782629        13.000000000000000        0.0000000000000000        109263.12150042877     
         431   4310.0000000000000       0.99627194870787028        52867980.137955002        13.000000000000000        0.0000000000000000        109389.95049961656     
         432   4320.0000000000000       0.99627194870787072        53529080.226917870        20.000000000000000        0.0000000000000000        109516.63262074441     
         433   4330.0000000000000       0.99627194870787106        54207388.811445177        18.000000000000000        0.0000000000000000        109643.16837291792     
         434   4340.0000000000000       0.99627194870787117        54872391.222725399        11.000000000000000        0.0000000000000000        109769.55826230347     
         435   4350.0000000000000       0.99627194870787028        55517255.186565943        8.0000000000000000        0.0000000000000000        109895.80279217288     
         436   4360.0000000000000       0.99627194870787028        56139613.933908246        5.0000000000000000        0.0000000000000000        110021.90246291086     
         437   4370.0000000000000       0.99627194870787095        56770853.292377472        12.000000000000000        0.0000000000000000        110147.85777202621     
         438   4380.0000000000000       0.99627194870787106        57418923.015907288        14.000000000000000        0.0000000000000000        110273.66921418905     
         439   4390.0000000000000       0.99627194870787150        58056785.684810326        8.0000000000000000        0.0000000000000000        110399.33728126809     
         440   4400.0000000000000       0.99627194870787095        58677940.524554797        6.0000000000000000        0.0000000000000000        110524.86246227473     
         441   4410.0000000000000       0.99627194870787039        59302572.393782184        10.000000000000000        0.0000000000000000        110650.24524355307     
         442   4420.0000000000000       0.99627194870787106        59973974.952610627        22.000000000000000        0.0000000000000000        110775.48610862717     
         443   4430.0000000000000       0.99627194870787217        60633291.842947610        8.0000000000000000        0.0000000000000000        110900.58553823829     
         444   4440.0000000000000       0.99627194870787050        61374615.544293806        36.000000000000000        0.0000000000000000        111025.54401055723     
         445   4450.0000000000000       0.99627194870787072        62124102.417843975        17.000000000000000        0.0000000000000000        111150.36200094223     
         446   4460.0000000000000       0.99627194870787072        62863787.890578307        16.000000000000000        0.0000000000000000        111275.03998213634     
         447   4470.0000000000000       0.99627194870787084        63551996.937709123        1.0000000000000000        0.0000000000000000        111399.57842424512     
         448   4480.0000000000000       0.99627194870787017        64281300.242902435        24.000000000000000        0.0000000000000000        111523.97779474035     
         449   4490.0000000000000       0.99627194870786973        65022372.357060723        15.000000000000000        0.0000000000000000        111648.23855847120     
         450   4500.0000000000000       0.99627194870787006        65745535.388425395        10.000000000000000        0.0000000000000000        111772.36117772385     
         451   4510.0000000000000       0.99627194870787172        66521091.922650300        28.000000000000000        0.0000000000000000        111896.34611223638     
         452   4520.0000000000000       0.99627194870787128        67294742.357906371        14.000000000000000        0.0000000000000000        112020.19381914288     
         453   4530.0000000000000       0.99627194870787084        68072696.162764013        18.000000000000000        0.0000000000000000        112143.90475310385     
         454   4540.0000000000000       0.99627194870787039        68928052.143261194        37.000000000000000        0.0000000000000000        112267.47936630249     
         455   4550.0000000000000       0.99627194870787106        69773605.597755358        16.000000000000000        0.0000000000000000        112390.91810833663     
         456   4560.0000000000000       0.99627194870787072        70609190.687875211        18.000000000000000        0.0000000000000000        112514.22142641991     
         457   4570.0000000000000       0.99627194870787095        71475776.427466840        26.000000000000000        0.0000000000000000        112637.38976532221     
         458   4580.0000000000000       0.99627194870787084        72359346.523453638        23.000000000000000        0.0000000000000000        112760.42356731743     
         459   4590.0000000000000       0.99627194870787028        73247336.128981993        21.000000000000000        0.0000000000000000        112883.32327233255     
         460   4600.0000000000000       0.99627194870786950        74155530.533335030        25.000000000000000        0.0000000000000000        113006.08931786567     
         461   4610.0000000000000       0.99627194870786984        75065613.201032162        20.000000000000000        0.0000000000000000        113128.72213907540     
         462   4620.0000000000000       0.99627194870786995        75980374.035037696        21.000000000000000        0.0000000000000000        113251.22216871381     
         463   4630.0000000000000       0.99627194870787050        76881834.043844178        15.000000000000000        0.0000000000000000        113373.58983724564     
         464   4640.0000000000000       0.99627194870787028        77770020.338175163        14.000000000000000        0.0000000000000000        113495.82557281107     
         465   4650.0000000000000       0.99627194870787128        78665712.186660737        18.000000000000000        0.0000000000000000        113617.92980117351     
         466   4660.0000000000000       0.99627194870787106        79597762.627930984        26.000000000000000        0.0000000000000000        113739.90294592828     
         467   4670.0000000000000       0.99627194870787117        80516736.963328734        14.000000000000000        0.0000000000000000        113861.74542831630     
         468   4680.0000000000000       0.99627194870787084        81459904.807911247        25.000000000000000        0.0000000000000000        113983.45766732842     
         469   4690.0000000000000       0.99627194870787050        82408711.159552798        19.000000000000000        0.0000000000000000        114105.04007978737     
         470   4700.0000000000000       0.99627194870787095        83365239.970188022        21.000000000000000        0.0000000000000000        114226.49308023602     
         471   4710.0000000000000       0.99627194870787250        84307172.324369550        14.000000000000000        0.0000000000000000        114347.81708100438     
         472   4720.0000000000000       0.99627194870787106        85226881.642733142        11.000000000000000        0.0000000000000000        114469.01249235123     
         473   4730.0000000000000       0.99627194870787039        86185506.648870602        26.000000000000000        0.0000000000000000        114590.07972216606     
         474   4740.0000000000000       0.99627194870787117        87126653.252543464        11.000000000000000        0.0000000000000000        114711.01917640120     
         475   4750.0000000000000       0.99627194870787206        88057003.527565747        14.000000000000000        0.0000000000000000        114831.83125872910     
         476   4760.0000000000000       0.99627194870787172        89000029.340346292        18.000000000000000        0.0000000000000000        114952.51637073606     
         477   4770.0000000000000       0.99627194870787006        89943038.743395790        15.000000000000000        0.0000000000000000        115073.07491190732     
         478   4780.0000000000000       0.99627194870787128        90891478.079013601        17.000000000000000        0.0000000000000000        115193.50727970898     
         479   4790.0000000000000       0.99627194870787084        91828697.397975788        12.000000000000000        0.0000000000000000        115313.81386934966     
         480   4800.0000000000000       0.99627194870787006        92826530.494089931        32.000000000000000        0.0000000000000000        115433.99507418275     
         481   4810.0000000000000       0.99627194870787061        93891690.769965589        36.000000000000000        0.0000000000000000        115554.05128540844     
         482   4820.0000000000000       0.99627194870787095        94989069.756307900        32.000000000000000        0.0000000000000000        115673.98289215565     
         483   4830.0000000000000       0.99627194870787084        96061575.317096040        18.000000000000000        0.0000000000000000        115793.79028166085     
         484   4840.0000000000000       0.99627194870787028        97144797.545840219        26.000000000000000        0.0000000000000000        115913.47383908927     
         485   4850.0000000000000       0.99627194870787095        98232349.675343573        22.000000000000000        0.0000000000000000        116033.03394758701     
         486   4860.0000000000000       0.99627194870787006        99325672.258649960        23.000000000000000        0.0000000000000000        116152.47098840028     
         487   4870.0000000000000       0.99627194870786995        100441141.37073736        27.000000000000000        0.0000000000000000        116271.78534077108     
         488   4880.0000000000000       0.99627194870787028        101555067.45852000        21.000000000000000        0.0000000000000000        116390.97738200426     
         489   4890.0000000000000       0.99627194870787028        102719663.29158805        36.000000000000000        0.0000000000000000        116510.04748748243     
         490   4900.0000000000000       0.99627194870787006        103888375.88881601        24.000000000000000        0.0000000000000000        116628.99603068084     
         491   4910.0000000000000       0.99627194870787050        105093106.91145228        35.000000000000000        0.0000000000000000        116747.82338315994     
         492   4920.0000000000000       0.99627194870787039        106334600.31463061        35.000000000000000        0.0000000000000000        116866.52991455793     
         493   4930.0000000000000       0.99627194870787095        107533039.40520844        15.000000000000000        0.0000000000000000        116985.11599273235     
         494   4940.0000000000000       0.99627194870787172        108714655.02917399        20.000000000000000        0.0000000000000000        117103.58198356628     
         495   4950.0000000000000       0.99627194870787106        109968441.54055190        41.000000000000000        0.0000000000000000        117221.92825116962     
         496   4960.0000000000000       0.99627194870787195        111233348.55173168        27.000000000000000        0.0000000000000000        117340.15515778959     
         497   4970.0000000000000       0.99627194870787184        112515337.85037217        32.000000000000000        0.0000000000000000        117458.26306384057     
         498   4980.0000000000000       0.99627194870787072        113846994.92943291        40.000000000000000        0.0000000000000000        117576.25232795626     
         499   4990.0000000000000       0.99627194870787106        115184637.29243448        30.000000000000000        0.0000000000000000        117694.12330693007     
