           0   0.0000000000000000        3.6194019999597729E-003
           1   10.000000000000000        6.4300954048504182E-003
           2   20.000000000000000        8.0904749007627702E-003
           3   30.000000000000000        9.3089359161266320E-003
           4   40.000000000000000        1.0259403600945349E-002
           5   50.000000000000000        1.1022352942544188E-002
           6   60.000000000000000        1.1643812086659284E-002
           7   70.000000000000000        1.2153427873962378E-002
           8   80.000000000000000        1.2571827058513346E-002
           9   90.000000000000000        1.2914160559080385E-002
          10   100.00000000000000        1.3192012996473389E-002
          11   110.00000000000000        1.3414519225049064E-002
          12   120.00000000000000        1.3589059362941976E-002
          13   130.00000000000000        1.3721713453418809E-002
          14   140.00000000000000        1.3817571146731520E-002
          15   150.00000000000000        1.3880949834697112E-002
          16   160.00000000000000        1.3915552723429609E-002
          17   170.00000000000000        1.3924586201303168E-002
          18   180.00000000000000        1.3910848840138747E-002
          19   190.00000000000000        1.3876800142229606E-002
          20   200.00000000000000        1.3824614514139731E-002
          21   210.00000000000000        1.3756224259660747E-002
          22   220.00000000000000        1.3673354272111585E-002
          23   230.00000000000000        1.3577550356334185E-002
          24   240.00000000000000        1.3470202594541660E-002
          25   250.00000000000000        1.3352564808096209E-002
          26   260.00000000000000        1.3225770908946015E-002
          27   270.00000000000000        1.3090848747260558E-002
          28   280.00000000000000        1.2948731924208824E-002
          29   290.00000000000000        1.2800269936404832E-002
          30   300.00000000000000        1.2646236941342192E-002
          31   310.00000000000000        1.2487339374339721E-002
          32   320.00000000000000        1.2324222602245700E-002
          33   330.00000000000000        1.2157476763967456E-002
          34   340.00000000000000        1.1987641920308868E-002
          35   350.00000000000000        1.1815212613786251E-002
          36   360.00000000000000        1.1640641921711358E-002
          37   370.00000000000000        1.1464345071884008E-002
          38   380.00000000000000        1.1286702678955329E-002
          39   390.00000000000000        1.1108063650348643E-002
          40   400.00000000000000        1.0928747803124746E-002
          41   410.00000000000000        1.0749048226977156E-002
          42   420.00000000000000        1.0569233423447859E-002
          43   430.00000000000000        1.0389549247171507E-002
          44   440.00000000000000        1.0210220671409422E-002
          45   450.00000000000000        1.0031453397130376E-002
          46   460.00000000000000        9.8534353223775368E-003
          47   470.00000000000000        9.6763378865026509E-003
          48   480.00000000000000        9.5003173020424114E-003
          49   490.00000000000000        9.3255156854430924E-003
          50   500.00000000000000        9.1520620964953125E-003
          51   510.00000000000000        8.9800734952103362E-003
          52   520.00000000000000        8.8096556238484308E-003
          53   530.00000000000000        8.6409038209700525E-003
          54   540.00000000000000        8.4739037736153103E-003
          55   550.00000000000000        8.3087322130697954E-003
          56   560.00000000000000        8.1454575591058311E-003
          57   570.00000000000000        7.9841405170728037E-003
          58   580.00000000000000        7.8248346317895210E-003
          59   590.00000000000000        7.6675868017781297E-003
          60   600.00000000000000        7.5124377570567110E-003
          61   610.00000000000000        7.3594225033852441E-003
          62   620.00000000000000        7.2085707356005909E-003
          63   630.00000000000000        7.0599072224238639E-003
          64   640.00000000000000        6.9134521649200928E-003
          65   650.00000000000000        6.7692215305850513E-003
          66   660.00000000000000        6.6272273648671923E-003
          67   670.00000000000000        6.4874780817836966E-003
          68   680.00000000000000        6.3499787351317515E-003
          69   690.00000000000000        6.2147312716950755E-003
          70   700.00000000000000        6.0817347677056934E-003
          71   710.00000000000000        5.9509856497438748E-003
          72   720.00000000000000        5.8224779011426548E-003
          73   730.00000000000000        5.6962032548985081E-003
          74   740.00000000000000        5.5721513739962446E-003
          75   750.00000000000000        5.4503100200005098E-003
          76   760.00000000000000        5.3306652106925268E-003
          77   770.00000000000000        5.2132013674753451E-003
          78   780.00000000000000        5.0979014532226367E-003
          79   790.00000000000000        4.9847471011873635E-003
          80   800.00000000000000        4.8737187355514669E-003
          81   810.00000000000000        4.7647956841525216E-003
          82   820.00000000000000        4.6579562838845092E-003
          83   830.00000000000000        4.5531779792381275E-003
          84   840.00000000000000        4.4504374144124269E-003
          85   850.00000000000000        4.3497105193996332E-003
          86   860.00000000000000        4.2509725904215524E-003
          87   870.00000000000000        4.1541983650643828E-003
          88   880.00000000000000        4.0593620924421090E-003
          89   890.00000000000000        3.9664375986928997E-003
          90   900.00000000000000        3.8753983480952947E-003
          91   910.00000000000000        3.7862175000729051E-003
          92   920.00000000000000        3.6988679623336271E-003
          93   930.00000000000000        3.6133224403842121E-003
          94   940.00000000000000        3.5295534836356571E-003
          95   950.00000000000000        3.4475335283064980E-003
          96   960.00000000000000        3.3672349373176152E-003
          97   970.00000000000000        3.2886300373607493E-003
          98   980.00000000000000        3.2116911533088457E-003
          99   990.00000000000000        3.1363906401288772E-003
         100   1000.0000000000000        3.0627009124504639E-003
         101   1010.0000000000000        2.9905944719244171E-003
         102   1020.0000000000000        2.9200439325117833E-003
         103   1030.0000000000000        2.8510220438227010E-003
         104   1040.0000000000000        2.7835017126236696E-003
         105   1050.0000000000000        2.7174560226260465E-003
         106   1060.0000000000000        2.6528582526559896E-003
         107   1070.0000000000000        2.5896818933058741E-003
         108   1080.0000000000000        2.5279006621597975E-003
         109   1090.0000000000000        2.4674885176779226E-003
         110   1100.0000000000000        2.4084196718226749E-003
         111   1110.0000000000000        2.3506686015051259E-003
         112   1120.0000000000000        2.2942100589196180E-003
         113   1130.0000000000000        2.2390190808412765E-003
         114   1140.0000000000000        2.1850709969456336E-003
         115   1150.0000000000000        2.1323414372137620E-003
         116   1160.0000000000000        2.0808063384800189E-003
         117   1170.0000000000000        2.0304419501748663E-003
         118   1180.0000000000000        1.9812248393172348E-003
         119   1190.0000000000000        1.9331318947990775E-003
         120   1200.0000000000000        1.8861403310140542E-003
         121   1210.0000000000000        1.8402276908666003E-003
         122   1220.0000000000000        1.7953718482067805E-003
         123   1230.0000000000000        1.7515510097263498E-003
         124   1240.0000000000000        1.7087437163525771E-003
         125   1250.0000000000000        1.6669288441734521E-003
         126   1260.0000000000000        1.6260856049265789E-003
         127   1270.0000000000000        1.5861935460825839E-003
         128   1280.0000000000000        1.5472325505487916E-003
         129   1290.0000000000000        1.5091828360237940E-003
         130   1300.0000000000000        1.4720249540246244E-003
         131   1310.0000000000000        1.4357397886126805E-003
         132   1320.0000000000000        1.4003085548402118E-003
         133   1330.0000000000000        1.3657127969377563E-003
         134   1340.0000000000000        1.3319343862637978E-003
         135   1350.0000000000000        1.2989555190344264E-003
         136   1360.0000000000000        1.2667587138512806E-003
         137   1370.0000000000000        1.2353268090444589E-003
         138   1380.0000000000000        1.2046429598454257E-003
         139   1390.0000000000000        1.1746906354057093E-003
         140   1400.0000000000000        1.1454536156748597E-003
         141   1410.0000000000000        1.1169159881504406E-003
         142   1420.0000000000000        1.0890621445129806E-003
         143   1430.0000000000000        1.0618767771573025E-003
         144   1440.0000000000000        1.0353448756306998E-003
         145   1450.0000000000000        1.0094517229889916E-003
         146   1460.0000000000000        9.8418289207934302E-004
         147   1470.0000000000000        9.5952424175946955E-004
         148   1480.0000000000000        9.3546191306094874E-004
         149   1490.0000000000000        9.1198232530585472E-004
         150   1500.0000000000000        8.8907217218247409E-004
         151   1510.0000000000000        8.6671841778874809E-004
         152   1520.0000000000000        8.4490829264905582E-004
         153   1530.0000000000000        8.2362928970987044E-004
         154   1540.0000000000000        8.0286916032233592E-004
         155   1550.0000000000000        7.8261591021394920E-004
         156   1560.0000000000000        7.6285779545663083E-004
         157   1570.0000000000000        7.4358331843541749E-004
         158   1580.0000000000000        7.2478122382114724E-004
         159   1590.0000000000000        7.0644049455213234E-004
         160   1600.0000000000000        6.8855034782853552E-004
         161   1610.0000000000000        6.7110023112195317E-004
         162   1620.0000000000000        6.5407981820501460E-004
         163   1630.0000000000000        6.3747900520224438E-004
         164   1640.0000000000000        6.2128790666619318E-004
         165   1650.0000000000000        6.0549685168123397E-004
         166   1660.0000000000000        5.9009637999643560E-004
         167   1670.0000000000000        5.7507723819092489E-004
         168   1680.0000000000000        5.6043037587277919E-004
         169   1690.0000000000000        5.4614694191371495E-004
         170   1700.0000000000000        5.3221828072112158E-004
         171   1710.0000000000000        5.1863592854865478E-004
         172   1720.0000000000000        5.0539160984734201E-004
         173   1730.0000000000000        4.9247723365767042E-004
         174   1740.0000000000000        4.7988489004443347E-004
         175   1750.0000000000000        4.6760684657476897E-004
         176   1760.0000000000000        4.5563554484059270E-004
         177   1770.0000000000000        4.4396359702598596E-004
         178   1780.0000000000000        4.3258378252040709E-004
         179   1790.0000000000000        4.2148904457798891E-004
         180   1800.0000000000000        4.1067248702352085E-004
         181   1810.0000000000000        4.0012737100603900E-004
         182   1820.0000000000000        3.8984711179892458E-004
         183   1830.0000000000000        3.7982527564863253E-004
         184   1840.0000000000000        3.7005557667083141E-004
         185   1850.0000000000000        3.6053187379444704E-004
         186   1860.0000000000000        3.5124816775393333E-004
         187   1870.0000000000000        3.4219859812961332E-004
         188   1880.0000000000000        3.3337744043586903E-004
         189   1890.0000000000000        3.2477910325720989E-004
         190   1900.0000000000000        3.1639812543237604E-004
         191   1910.0000000000000        3.0822917328575850E-004
         192   1920.0000000000000        3.0026703790614177E-004
         193   1930.0000000000000        2.9250663247294516E-004
         194   1940.0000000000000        2.8494298962870944E-004
         195   1950.0000000000000        2.7757125889863116E-004
         196   1960.0000000000000        2.7038670415602609E-004
         197   1970.0000000000000        2.6338470113333170E-004
         198   1980.0000000000000        2.5656073497903626E-004
         199   1990.0000000000000        2.4991039785926485E-004
         200   2000.0000000000000        2.4342938660374129E-004
         201   2010.0000000000000        2.3711350039631372E-004
         202   2020.0000000000000        2.3095863850868868E-004
         203   2030.0000000000000        2.2496079807747361E-004
         204   2040.0000000000000        2.1911607192389267E-004
         205   2050.0000000000000        2.1342064641543648E-004
         206   2060.0000000000000        2.0787079936946762E-004
         207   2070.0000000000000        2.0246289799743909E-004
         208   2080.0000000000000        1.9719339689007641E-004
         209   2090.0000000000000        1.9205883604236297E-004
         210   2100.0000000000000        1.8705583891786149E-004
         211   2110.0000000000000        1.8218111055220485E-004
         212   2120.0000000000000        1.7743143569465852E-004
         213   2130.0000000000000        1.7280367698760328E-004
         214   2140.0000000000000        1.6829477318304145E-004
         215   2150.0000000000000        1.6390173739604615E-004
         216   2160.0000000000000        1.5962165539390715E-004
         217   2170.0000000000000        1.5545168392099858E-004
         218   2180.0000000000000        1.5138904905854695E-004
         219   2190.0000000000000        1.4743104461868972E-004
         220   2200.0000000000000        1.4357503057233471E-004
         221   2210.0000000000000        1.3981843151036116E-004
         222   2220.0000000000000        1.3615873513730202E-004
         223   2230.0000000000000        1.3259349079722564E-004
         224   2240.0000000000000        1.2912030803128064E-004
         225   2250.0000000000000        1.2573685516597199E-004
         226   2260.0000000000000        1.2244085793211733E-004
         227   2270.0000000000000        1.1923009811366351E-004
         228   2280.0000000000000        1.1610241222567475E-004
         229   2290.0000000000000        1.1305569022148822E-004
         230   2300.0000000000000        1.1008787422783280E-004
         231   2310.0000000000000        1.0719695730793290E-004
         232   2320.0000000000000        1.0438098225179950E-004
         233   2330.0000000000000        1.0163804039320400E-004
